frame, timestamp, confidence, success, gaze_0_x, gaze_0_y, gaze_0_z, gaze_1_x, gaze_1_y, gaze_1_z, pose_Tx, pose_Ty, pose_Tz, pose_Rx, pose_Ry, pose_Rz, x_0, x_1, x_2, x_3, x_4, x_5, x_6, x_7, x_8, x_9, x_10, x_11, x_12, x_13, x_14, x_15, x_16, x_17, x_18, x_19, x_20, x_21, x_22, x_23, x_24, x_25, x_26, x_27, x_28, x_29, x_30, x_31, x_32, x_33, x_34, x_35, x_36, x_37, x_38, x_39, x_40, x_41, x_42, x_43, x_44, x_45, x_46, x_47, x_48, x_49, x_50, x_51, x_52, x_53, x_54, x_55, x_56, x_57, x_58, x_59, x_60, x_61, x_62, x_63, x_64, x_65, x_66, x_67, y_0, y_1, y_2, y_3, y_4, y_5, y_6, y_7, y_8, y_9, y_10, y_11, y_12, y_13, y_14, y_15, y_16, y_17, y_18, y_19, y_20, y_21, y_22, y_23, y_24, y_25, y_26, y_27, y_28, y_29, y_30, y_31, y_32, y_33, y_34, y_35, y_36, y_37, y_38, y_39, y_40, y_41, y_42, y_43, y_44, y_45, y_46, y_47, y_48, y_49, y_50, y_51, y_52, y_53, y_54, y_55, y_56, y_57, y_58, y_59, y_60, y_61, y_62, y_63, y_64, y_65, y_66, y_67, AU01_r, AU02_r, AU04_r, AU05_r, AU06_r, AU07_r, AU09_r, AU10_r, AU12_r, AU14_r, AU15_r, AU17_r, AU20_r, AU23_r, AU25_r, AU26_r, AU45_r, AU01_c, AU02_c, AU04_c, AU05_c, AU06_c, AU07_c, AU09_c, AU10_c, AU12_c, AU14_c, AU15_c, AU17_c, AU20_c, AU23_c, AU25_c, AU26_c, AU28_c, AU45_c
1,  0,  0.982072,  1,  0.158759,  0.0985935,  -0.982382,  -0.174396,  0.137666,  -0.975005,  15.6928,  19.9177,  304.312,  -0.0238576,  0.00839356,  -0.119976,  112.715,  114.688,  118.095,  122.494,  129.187,  139.124,  151.225,  165.4,  180.565,  195.117,  207.349,  217.527,  224.259,  227.424,  228.228,  227.951,  226.666,  121.644,  128.007,  138.871,  150.479,  160.947,  175.332,  184.782,  195.391,  206.325,  214.485,  169.692,  170.737,  171.764,  172.845,  162.495,  168.212,  173.967,  179.594,  184.597,  134.711,  140.595,  147.881,  154.569,  148.346,  141.06,  184.709,  190.693,  197.85,  204.036,  198.964,  191.902,  155.767,  163.143,  170.39,  175.323,  180.457,  188.231,  196.265,  189.428,  182.485,  176.811,  171.507,  163.946,  159.363,  170.838,  175.757,  181.096,  192.688,  181.266,  175.843,  170.874,  118.55,  133.164,  147.819,  161.929,  175.005,  185.605,  193.355,  198.48,  198.569,  194.792,  186.425,  175.974,  163.584,  149.422,  134.407,  119.176,  104.128,  103.217,  94.4152,  90.7961,  91.3464,  94.9625,  92.5001,  86.2644,  83.2108,  83.9029,  90.2435,  103.568,  112.008,  120.389,  129.26,  140.057,  141.191,  141.876,  139.949,  137.73,  110.802,  106.405,  105.516,  108.952,  111.151,  112.182,  105.081,  99.8009,  99.1279,  102.008,  104.798,  105.623,  163.605,  157.428,  153.932,  154.859,  153.001,  155.058,  158.945,  165.008,  167.579,  168.563,  168.759,  167.707,  162.884,  159.397,  159.2,  158.309,  159.245,  160.397,  161.428,  161.613, 0.40451, 0, 1.25538, 0, 0.511127, 0.480323, 0, 0.218806, 0, 0.124371, 0.314319, 0.295291, 0.191966, 0.142499, 0.396487, 0, 0, 0, 1, 1, 0, 0, 1, 0, 1, 0, 0, 0, 0, 0, 1, 0, 0, 0, 0
2,  0.0666667,  0.979265,  1,  0.15687,  0.105775,  -0.981939,  -0.179545,  0.141327,  -0.973545,  17.2015,  20.2546,  307.038,  -0.0277435,  0.00357197,  -0.12199,  113.534,  115.719,  119.23,  123.684,  130.627,  140.897,  153.183,  167.236,  182.225,  196.522,  208.562,  218.553,  225.072,  228.031,  228.74,  228.459,  227.197,  122.743,  129.193,  139.967,  151.521,  162.087,  176.354,  185.807,  196.353,  207.166,  215.19,  171.048,  172.067,  173.096,  174.213,  163.706,  169.483,  175.25,  180.832,  185.789,  136.119,  142.04,  149.152,  155.79,  149.583,  142.439,  185.413,  191.47,  198.481,  204.66,  199.437,  192.501,  156.849,  164.274,  171.598,  176.512,  181.596,  189.284,  197.269,  190.465,  183.649,  178.051,  172.805,  165.157,  160.362,  172.136,  177.001,  182.295,  193.656,  182.508,  177.147,  172.241,  118.562,  133.244,  147.993,  162.152,  175.044,  185.36,  192.77,  197.646,  197.699,  193.81,  185.441,  175.177,  163.045,  149.184,  134.569,  119.928,  105.539,  103.78,  95.0694,  91.3284,  91.8275,  95.442,  93.3475,  87.6358,  84.8802,  85.6846,  91.9527,  104.608,  112.608,  120.503,  128.914,  139.867,  140.866,  141.513,  139.624,  137.444,  111.572,  107.535,  106.669,  109.845,  111.95,  112.934,  106.387,  101.554,  101.037,  103.678,  106.276,  106.998,  162.885,  156.668,  153.129,  154.042,  152.231,  154.33,  158.285,  164.272,  166.871,  167.881,  168.111,  167.102,  162.17,  158.548,  158.353,  157.468,  158.556,  159.692,  160.746,  160.982, 0.158638, 0, 1.07611, 0, 0.420954, 0.160108, 0, 0.289752, 0, 0.278557, 0.431288, 0.257665, 0.0919845, 0.211384, 0.362276, 0, 0.161659, 0, 0, 1, 0, 0, 1, 0, 1, 0, 0, 0, 0, 0, 1, 0, 0, 0, 0
3,  0.133333,  0.975901,  1,  0.151905,  0.110783,  -0.982167,  -0.180601,  0.145023,  -0.972806,  18.5298,  19.456,  309.875,  -0.0417239,  0.00234038,  -0.12203,  114.862,  117.018,  120.455,  124.835,  131.757,  141.998,  154.219,  168.165,  183.049,  197.246,  209.226,  219.17,  225.651,  228.628,  229.353,  229.069,  227.867,  124.459,  130.714,  141.364,  152.887,  163.432,  176.941,  186.431,  196.986,  207.785,  215.662,  172.007,  173.02,  174.044,  175.161,  164.838,  170.506,  176.184,  181.692,  186.57,  137.959,  143.766,  150.641,  157.06,  151.078,  144.151,  185.981,  191.878,  198.656,  204.698,  199.542,  192.837,  158.209,  165.659,  172.848,  177.552,  182.456,  189.877,  197.734,  190.962,  184.355,  178.987,  173.973,  166.499,  161.634,  173.353,  178.004,  183.107,  194.23,  183.263,  178.116,  173.436,  118.409,  132.986,  147.67,  161.761,  174.461,  184.604,  191.773,  196.438,  196.478,  192.661,  184.534,  174.45,  162.486,  148.778,  134.264,  119.741,  105.459,  103.95,  95.088,  91.0979,  91.4085,  94.8465,  92.847,  87.3682,  84.8511,  85.9728,  92.4437,  103.952,  111.716,  119.368,  127.552,  138.68,  139.627,  140.238,  138.403,  136.276,  111.055,  107.139,  106.255,  109.219,  111.251,  112.26,  105.872,  101.278,  100.851,  103.42,  105.831,  106.475,  161.633,  155.637,  152.213,  153.103,  151.374,  153.374,  157.119,  162.692,  165.033,  165.986,  166.213,  165.415,  160.911,  157.335,  157.162,  156.3,  157.363,  158.187,  159.191,  159.427, 0.0238013, 0, 1.06534, 0, 0.352125, 0, 0, 0.35637, 0.0161676, 0.620115, 0.562734, 0.384027, 0.0621436, 0.605367, 0.239499, 0, 0.173078, 0, 0, 1, 0, 0, 0, 0, 1, 0, 1, 0, 0, 0, 1, 0, 0, 0, 1
4,  0.2,  0.973363,  1,  0.153016,  0.104765,  -0.982655,  -0.185304,  0.148189,  -0.971443,  19.3973,  16.4946,  306.48,  -0.0513657,  -0.00668077,  -0.14102,  114.507,  116.984,  120.7,  125.327,  132.531,  143.064,  155.672,  169.846,  184.71,  198.749,  210.494,  220.457,  227.223,  230.363,  230.949,  230.371,  228.865,  123.514,  130.01,  140.964,  152.716,  163.477,  176.928,  186.588,  197.332,  208.418,  216.749,  172.064,  173.392,  174.711,  176.14,  165.616,  171.443,  177.314,  182.878,  187.8,  137.201,  143.031,  150.101,  156.803,  150.692,  143.579,  186.546,  192.428,  199.341,  205.616,  200.437,  193.606,  159.186,  167.196,  174.492,  179.125,  183.995,  191.496,  199.669,  192.743,  186.093,  180.764,  175.828,  168.165,  162.673,  175.012,  179.608,  184.674,  196.235,  184.828,  179.717,  175.096,  118.238,  132.616,  147.08,  160.9,  173.28,  182.99,  189.691,  194.082,  193.917,  190.134,  182.3,  172.493,  160.598,  146.73,  131.923,  117.101,  102.458,  103.249,  94.2869,  90.2091,  90.1275,  93.1183,  90.712,  85.0408,  82.3081,  83.2205,  89.5842,  101.442,  109.393,  117.236,  125.598,  136.703,  137.584,  138.066,  136.015,  133.727,  109.529,  105.243,  104.149,  107.165,  109.327,  110.569,  102.959,  97.9019,  97.319,  99.9159,  102.456,  103.286,  159.293,  153.664,  150.294,  151.015,  149.162,  150.729,  153.65,  159.142,  161.528,  162.604,  162.957,  162.531,  158.602,  154.999,  154.732,  153.684,  154.028,  155.032,  156.156,  156.497, 0, 0, 1.13808, 0, 0.327876, 0, 0, 0.393547, 0.0510216, 0.966844, 0.684233, 0.627502, 0.0341479, 0.991735, 0.129564, 0, 0.173078, 0, 0, 1, 0, 0, 1, 0, 1, 0, 1, 0, 0, 0, 1, 0, 0, 1, 0
5,  0.266667,  0.975284,  1,  0.15293,  0.106005,  -0.982535,  -0.18661,  0.153493,  -0.970369,  19.563,  15.0899,  304.754,  -0.0479612,  0.00404444,  -0.149121,  114.816,  117.415,  121.258,  125.998,  133.256,  143.807,  156.402,  170.587,  185.515,  199.658,  211.544,  221.601,  228.382,  231.439,  231.898,  231.211,  229.598,  123.264,  129.649,  140.583,  152.352,  163.169,  176.781,  186.52,  197.405,  208.671,  217.208,  171.88,  173.194,  174.491,  175.903,  165.594,  171.443,  177.32,  182.919,  187.888,  136.945,  142.756,  149.911,  156.722,  150.544,  143.351,  186.694,  192.607,  199.642,  206.045,  200.814,  193.862,  159.454,  167.281,  174.52,  179.222,  184.143,  191.822,  200.214,  193.159,  186.38,  180.976,  175.979,  168.338,  162.951,  175.101,  179.756,  184.891,  196.699,  185.046,  179.865,  175.184,  117.433,  131.81,  146.242,  160.042,  172.458,  182.206,  188.952,  193.331,  193.03,  189.058,  181.016,  171.009,  158.949,  144.948,  130.054,  115.143,  100.405,  102.497,  93.4382,  89.2817,  89.1331,  92.0711,  89.4533,  83.5723,  80.6615,  81.4586,  87.8114,  100.325,  108.276,  116.13,  124.505,  135.798,  136.632,  137.055,  134.96,  132.636,  108.772,  104.366,  103.195,  106.226,  108.499,  109.815,  101.663,  96.4406,  95.7636,  98.3401,  101.019,  101.945,  158.648,  152.814,  149.301,  149.992,  148.063,  149.633,  152.607,  158.199,  160.662,  161.794,  162.196,  161.816,  157.902,  154.129,  153.813,  152.714,  152.998,  154.071,  155.245,  155.629, 0, 0, 1.3053, 0, 0.362727, 0, 0, 0.310213, 0.0510216, 1.07389, 0.733418, 0.827036, 0.0341479, 1.32028, 0.00938568, 0, 0.0114198, 0, 0, 1, 0, 0, 1, 0, 1, 0, 1, 0, 1, 0, 1, 0, 0, 1, 0
6,  0.333333,  0.972691,  1,  0.153296,  0.112575,  -0.981747,  -0.185424,  0.166177,  -0.968506,  20.1232,  13.2655,  302.699,  -0.0417333,  0.00550327,  -0.165239,  115.007,  117.811,  121.875,  126.832,  134.261,  144.957,  157.678,  172.031,  187.085,  201.294,  213.153,  223.131,  229.763,  232.608,  232.813,  231.853,  229.977,  123.092,  129.256,  140.158,  152.012,  162.946,  176.583,  186.28,  197.19,  208.538,  217.214,  171.841,  173.288,  174.714,  176.26,  166.187,  172.053,  177.944,  183.536,  188.489,  136.952,  142.697,  149.846,  156.737,  150.586,  143.407,  186.813,  192.66,  199.708,  206.172,  200.969,  194.008,  160.531,  168.227,  175.395,  180.125,  185.014,  192.743,  201.206,  194.235,  187.479,  182.084,  177.083,  169.437,  164.04,  176.061,  180.726,  185.847,  197.684,  186.013,  180.847,  176.161,  116.454,  130.875,  145.342,  159.177,  171.643,  181.384,  188.095,  192.408,  191.915,  187.659,  179.269,  168.937,  156.636,  142.457,  127.422,  112.364,  97.4977,  101.536,  92.3197,  87.9616,  87.656,  90.4765,  87.5775,  81.402,  78.222,  78.8009,  85.0282,  98.7388,  106.729,  114.627,  123.053,  134.623,  135.386,  135.719,  133.521,  131.085,  107.786,  103.307,  102.006,  104.878,  107.293,  108.741,  99.7347,  94.4293,  93.6171,  96.0499,  98.8651,  99.9207,  157.884,  151.946,  148.31,  148.94,  146.914,  148.355,  151.159,  156.95,  159.561,  160.784,  161.264,  160.969,  157.071,  153.174,  152.782,  151.6,  151.62,  152.928,  154.193,  154.648, 0, 0, 1.46002, 0, 0.367241, 0, 0, 0.235455, 0.034854, 0.927062, 0.497199, 0.773337, 0, 1.24192, 0, 0.0284916, 0, 0, 0, 1, 0, 0, 0, 0, 1, 0, 1, 0, 1, 0, 1, 0, 0, 1, 0
7,  0.4,  0.971084,  1,  0.15349,  0.115841,  -0.981337,  -0.183988,  0.170096,  -0.968099,  20.2395,  13.0173,  301.468,  -0.0357795,  0.00839469,  -0.172458,  115.006,  117.859,  122,  127.064,  134.634,  145.486,  158.264,  172.725,  187.907,  202.247,  214.185,  224.103,  230.546,  233.146,  233.119,  231.935,  229.843,  122.877,  128.953,  139.751,  151.548,  162.48,  176.621,  186.07,  196.84,  208.102,  216.837,  171.816,  173.297,  174.763,  176.343,  166.278,  172.237,  178.189,  183.831,  188.841,  136.803,  142.547,  149.71,  156.686,  150.469,  143.285,  186.87,  192.766,  199.858,  206.364,  201.137,  194.14,  160.253,  168.077,  175.442,  180.384,  185.447,  193.462,  202.203,  195.032,  188.009,  182.414,  177.221,  169.341,  163.789,  176.175,  181.039,  186.348,  198.607,  186.512,  181.152,  176.27,  116.343,  130.797,  145.295,  159.201,  171.732,  181.513,  188.286,  192.619,  192.03,  187.596,  178.92,  168.389,  155.917,  141.662,  126.592,  111.553,  96.7714,  100.904,  91.7401,  87.4102,  87.2279,  90.2282,  87.2416,  80.8025,  77.4252,  77.7149,  83.7092,  98.5911,  106.617,  114.555,  123.026,  134.749,  135.493,  135.819,  133.546,  131.033,  107.745,  103.279,  101.975,  104.796,  107.266,  108.71,  99.527,  94.2157,  93.311,  95.6761,  98.558,  99.6758,  157.939,  151.991,  148.341,  148.953,  146.854,  148.164,  150.86,  156.971,  159.758,  161.044,  161.557,  161.202,  157.161,  153.348,  152.922,  151.666,  151.392,  153.05,  154.371,  154.866, 0, 0, 1.59426, 0, 0.386107, 0, 0, 0.226672, 0, 0.599508, 0.248118, 0.641909, 0, 1.146, 0, 0.0284916, 0, 0, 0, 1, 0, 0, 0, 0, 1, 0, 1, 0, 1, 0, 1, 0, 0, 1, 0
8,  0.466667,  0.969527,  1,  0.151374,  0.119892,  -0.981179,  -0.186199,  0.17585,  -0.966647,  21.0928,  11.3495,  300.026,  -0.0384797,  0.00747358,  -0.17572,  115.603,  118.531,  122.758,  127.899,  135.514,  146.391,  159.201,  173.709,  188.942,  203.299,  215.18,  225.026,  231.419,  233.984,  233.952,  232.769,  230.647,  123.357,  129.425,  140.262,  152.128,  163.143,  177.255,  186.77,  197.582,  208.91,  217.694,  172.466,  173.968,  175.458,  177.066,  167.021,  172.988,  178.965,  184.634,  189.658,  137.322,  143.077,  150.276,  157.301,  151.068,  143.851,  187.626,  193.537,  200.663,  207.203,  201.961,  194.929,  161.109,  168.887,  176.309,  181.257,  186.308,  194.39,  203.144,  196.068,  189.027,  183.433,  178.215,  170.234,  164.667,  177.068,  181.934,  187.235,  199.552,  187.465,  182.11,  177.219,  115.179,  129.727,  144.312,  158.275,  170.875,  180.707,  187.509,  191.796,  191.131,  186.6,  177.796,  167.091,  154.496,  140.152,  125.032,  109.937,  95.0968,  99.7004,  90.4445,  86.0136,  85.7132,  88.6081,  85.5892,  79.1344,  75.7391,  76.0097,  81.9973,  96.8261,  104.858,  112.803,  121.29,  133.245,  133.957,  134.252,  131.965,  129.433,  106.296,  101.751,  100.391,  103.192,  105.693,  107.194,  97.753,  92.3856,  91.468,  93.8452,  96.7409,  97.8707,  156.963,  150.833,  147.049,  147.65,  145.522,  146.873,  149.674,  156.02,  158.938,  160.258,  160.8,  160.413,  156.157,  152.116,  151.663,  150.4,  150.233,  152.079,  153.428,  153.941, 0, 0, 1.69685, 0, 0.360293, 0, 0, 0.224298, 0, 0.427656, 0.0384886, 0.530199, 0, 0.988289, 0.0366712, 0.0284916, 0.0101832, 0, 0, 1, 0, 0, 0, 0, 1, 0, 1, 0, 0, 0, 1, 0, 0, 1, 0
9,  0.533333,  0.966146,  1,  0.151563,  0.122316,  -0.98085,  -0.185708,  0.18218,  -0.965569,  21.5361,  10.1726,  298.545,  -0.0378752,  0.00866328,  -0.185061,  115.719,  118.78,  123.176,  128.516,  136.302,  147.304,  160.213,  174.811,  190.094,  204.444,  216.267,  226.036,  232.327,  234.779,  234.627,  233.311,  231.053,  123.415,  129.289,  140.048,  151.939,  162.993,  177.331,  186.83,  197.661,  209.009,  217.772,  172.56,  174.13,  175.688,  177.367,  167.481,  173.451,  179.421,  185.071,  190.076,  137.513,  143.24,  150.448,  157.5,  151.295,  144.07,  187.751,  193.596,  200.745,  207.318,  202.109,  195.056,  161.928,  169.409,  176.797,  181.831,  186.927,  195.095,  203.796,  196.996,  190.002,  184.335,  179.022,  170.973,  165.497,  177.643,  182.574,  187.933,  200.197,  188.319,  182.899,  177.92,  114.632,  129.297,  143.974,  158.002,  170.622,  180.448,  187.241,  191.475,  190.694,  185.972,  176.91,  165.957,  153.185,  138.72,  123.494,  108.287,  93.3573,  98.9291,  89.5082,  84.8815,  84.4313,  87.2465,  84.0248,  77.4379,  73.9569,  74.245,  80.2817,  95.6977,  103.748,  111.704,  120.197,  132.328,  132.974,  133.215,  130.874,  128.308,  105.522,  100.89,  99.468,  102.226,  104.786,  106.348,  96.489,  91.0486,  90.0473,  92.3725,  95.3325,  96.5462,  156.433,  149.931,  145.941,  146.502,  144.302,  145.693,  148.73,  155.497,  158.678,  160.093,  160.678,  160.178,  155.548,  151.165,  150.647,  149.338,  149.316,  151.645,  153.079,  153.631, 0, 0, 1.63349, 0, 0.352353, 0, 0, 0.283516, 0, 0.271532, 0.0802973, 0.472361, 0, 0.808112, 0.0397096, 0.0401158, 0.0101832, 0, 0, 1, 0, 0, 0, 0, 1, 0, 1, 0, 0, 0, 1, 0, 0, 1, 0
10,  0.6,  0.967941,  1,  0.155087,  0.124638,  -0.980007,  -0.184004,  0.188345,  -0.964712,  21.4382,  9.81068,  297.859,  -0.0333211,  0.0120099,  -0.195196,  115.371,  118.582,  123.155,  128.681,  136.612,  147.748,  160.749,  175.425,  190.75,  205.151,  217.011,  226.772,  232.933,  235.192,  234.848,  233.369,  230.954,  122.91,  128.777,  139.503,  151.356,  162.397,  177.03,  186.379,  197.094,  208.381,  217.265,  172.243,  173.88,  175.503,  177.247,  167.538,  173.498,  179.436,  185.041,  189.997,  137.063,  142.77,  150.001,  157.089,  150.88,  143.643,  187.567,  193.379,  200.564,  207.177,  201.986,  194.904,  162.38,  169.651,  176.875,  181.876,  186.871,  195.012,  203.743,  196.968,  190.034,  184.448,  179.192,  171.289,  165.941,  177.795,  182.68,  187.953,  200.096,  188.293,  182.956,  178.035,  114.754,  129.422,  144.083,  158.088,  170.696,  180.436,  187.075,  191.15,  190.197,  185.286,  176.029,  164.941,  152.083,  137.572,  122.347,  107.118,  92.2019,  98.6849,  89.3143,  84.7159,  84.2927,  87.0902,  83.6221,  76.8722,  73.1498,  73.1153,  78.8923,  95.5878,  103.689,  111.7,  120.241,  132.351,  132.967,  133.162,  130.781,  128.154,  105.699,  101.054,  99.5609,  102.234,  104.925,  106.54,  96.1288,  90.6545,  89.5474,  91.7593,  94.8564,  96.1682,  156.503,  149.854,  145.766,  146.303,  144.069,  145.474,  148.535,  155.22,  158.378,  159.807,  160.434,  160.038,  155.543,  151.122,  150.554,  149.237,  149.127,  151.277,  152.725,  153.333, 0, 0, 1.63503, 0, 0.329475, 0, 0.0301489, 0.27176, 0, 0.287889, 0.0522829, 0.420225, 0, 0.591376, 0.0397096, 0.189933, 0.0132042, 0, 0, 1, 0, 0, 1, 0, 1, 0, 1, 0, 0, 0, 1, 0, 0, 1, 0
11,  0.666667,  0.970713,  1,  0.156668,  0.124287,  -0.9798,  -0.182413,  0.187987,  -0.965084,  20.8458,  10.0766,  297.502,  -0.0326873,  0.0181758,  -0.195385,  115.028,  118.278,  122.892,  128.437,  136.36,  147.468,  160.394,  174.99,  190.312,  204.783,  216.768,  226.615,  232.781,  235.01,  234.641,  233.163,  230.762,  122.471,  128.251,  138.933,  150.777,  161.838,  176.485,  185.847,  196.6,  207.937,  216.857,  171.732,  173.328,  174.908,  176.612,  166.995,  172.944,  178.865,  184.48,  189.447,  136.642,  142.336,  149.572,  156.651,  150.441,  143.195,  187.106,  192.925,  200.135,  206.772,  201.561,  194.452,  161.903,  169.086,  176.268,  181.261,  186.248,  194.411,  203.219,  196.342,  189.372,  183.794,  178.552,  170.708,  165.443,  177.201,  182.076,  187.345,  199.539,  187.654,  182.324,  177.418,  114.825,  129.564,  144.283,  158.344,  170.996,  180.763,  187.405,  191.461,  190.492,  185.564,  176.279,  165.144,  152.241,  137.699,  122.464,  107.219,  92.2816,  98.9377,  89.486,  84.8177,  84.3791,  87.1817,  83.7145,  76.9601,  73.2385,  73.2087,  79.0282,  95.8044,  103.934,  111.97,  120.537,  132.657,  133.27,  133.468,  131.09,  128.464,  105.953,  101.303,  99.8117,  102.493,  105.207,  106.82,  96.3982,  90.9173,  89.8019,  92.0206,  95.1422,  96.4617,  156.812,  150.144,  146.045,  146.594,  144.366,  145.796,  148.884,  155.529,  158.646,  160.06,  160.687,  160.306,  155.843,  151.438,  150.877,  149.569,  149.469,  151.53,  152.966,  153.574, 0, 0, 1.6131, 0, 0.33297, 0, 0.0864751, 0.274522, 0, 0.31637, 0.0418087, 0.422364, 0, 0.460154, 0.00303835, 0.368799, 0.00302099, 0, 0, 1, 0, 0, 1, 0, 1, 0, 1, 0, 0, 0, 1, 0, 0, 1, 0
12,  0.733333,  0.970215,  1,  0.15836,  0.123298,  -0.979653,  -0.181462,  0.185466,  -0.965751,  19.9872,  10.5714,  297.115,  -0.0295817,  0.0211923,  -0.190868,  114.465,  117.649,  122.194,  127.671,  135.539,  146.619,  159.527,  174.086,  189.4,  203.894,  215.952,  225.888,  232.123,  234.412,  234.114,  232.713,  230.381,  121.798,  127.607,  138.267,  150.086,  161.143,  176.08,  185.481,  196.26,  207.605,  216.508,  171.187,  172.71,  174.223,  175.856,  166.226,  172.177,  178.09,  183.719,  188.71,  135.991,  141.715,  148.998,  156.099,  149.839,  142.542,  186.577,  192.456,  199.723,  206.392,  201.138,  193.97,  160.919,  168.131,  175.36,  180.383,  185.408,  193.624,  202.486,  195.507,  188.465,  182.849,  177.574,  169.699,  164.456,  176.285,  181.194,  186.5,  198.778,  186.787,  181.42,  176.482,  114.85,  129.624,  144.375,  158.489,  171.196,  181.036,  187.762,  191.891,  190.972,  186.053,  176.741,  165.604,  152.713,  138.18,  122.963,  107.751,  92.841,  98.9551,  89.5583,  84.9464,  84.5837,  87.4591,  84.0447,  77.3476,  73.6748,  73.6865,  79.5237,  96.2616,  104.386,  112.417,  120.979,  133.121,  133.745,  133.968,  131.63,  129.039,  106.186,  101.551,  100.104,  102.875,  105.57,  107.141,  96.9596,  91.4624,  90.3682,  92.6355,  95.7741,  97.0751,  157.205,  150.587,  146.508,  147.088,  144.871,  146.345,  149.46,  156.139,  159.251,  160.646,  161.25,  160.804,  156.266,  151.953,  151.417,  150.126,  150.038,  152.078,  153.493,  154.081, 0, 0, 1.63175, 0, 0.410094, 0, 0.103437, 0.303464, 0, 0.347448, 0.0347009, 0.475184, 0, 0.407471, 0, 0.593507, 0.0719546, 0, 0, 1, 0, 0, 1, 0, 1, 0, 1, 0, 0, 0, 1, 0, 0, 1, 0
13,  0.8,  0.970913,  1,  0.16463,  0.124813,  -0.978427,  -0.172674,  0.177854,  -0.968789,  16.8756,  11.6171,  298.807,  -0.0285141,  0.0291544,  -0.174067,  112.534,  115.481,  119.784,  125.051,  132.806,  143.769,  156.421,  170.639,  185.841,  200.401,  212.63,  222.675,  228.943,  231.329,  231.219,  230.03,  227.938,  120.128,  126.062,  136.704,  148.425,  159.355,  174.076,  183.575,  194.451,  205.778,  214.396,  169.106,  170.382,  171.667,  173.077,  163.315,  169.225,  175.1,  180.775,  185.805,  134.151,  139.882,  147.076,  154.011,  147.767,  140.541,  184.192,  190.134,  197.325,  203.878,  198.566,  191.472,  157.453,  164.744,  172.067,  177.123,  182.268,  190.474,  199.32,  192.129,  184.993,  179.292,  173.968,  166.106,  160.925,  172.923,  177.87,  183.282,  195.593,  183.536,  178.066,  173.092,  114.536,  129.476,  144.45,  158.765,  171.557,  181.485,  188.334,  192.608,  191.872,  187.085,  177.781,  166.709,  153.933,  139.592,  124.618,  109.698,  95.0769,  98.7969,  89.53,  85.0796,  84.9882,  88.1927,  85.201,  78.7483,  75.3633,  75.7305,  81.8718,  97.1669,  105.272,  113.276,  121.812,  133.724,  134.438,  134.796,  132.565,  130.06,  106.173,  101.728,  100.472,  103.372,  105.858,  107.241,  98.2412,  92.956,  92.0324,  94.4288,  97.3605,  98.4793,  157.384,  151.007,  147.154,  147.822,  145.705,  147.233,  150.42,  157.005,  160.024,  161.339,  161.837,  161.205,  156.554,  152.534,  152.1,  150.877,  150.954,  152.901,  154.257,  154.753, 0, 0, 1.63422, 0, 0.428131, 0, 0.0732879, 0.417377, 0, 0.394466, 0.0347009, 0.435998, 0, 0.371141, 0.0157062, 0.664963, 0.0863819, 0, 0, 1, 0, 0, 1, 0, 1, 0, 1, 0, 0, 0, 1, 0, 0, 1, 0
14,  0.866667,  0.970485,  1,  0.167381,  0.12106,  -0.978431,  -0.170768,  0.17134,  -0.970299,  15.2716,  12.9899,  300.626,  -0.0269675,  0.0330749,  -0.16161,  111.912,  114.644,  118.721,  123.745,  131.216,  141.896,  154.303,  168.319,  183.42,  197.987,  210.329,  220.537,  227.04,  229.669,  229.772,  228.79,  226.897,  119.423,  125.515,  136.162,  147.773,  158.551,  173.077,  182.638,  193.507,  204.804,  213.422,  168.001,  169.162,  170.325,  171.608,  161.781,  167.65,  173.501,  179.195,  184.252,  133.126,  138.876,  146.06,  152.946,  146.679,  139.47,  183.166,  189.149,  196.328,  202.85,  197.509,  190.424,  155.719,  163.021,  170.335,  175.365,  180.54,  188.728,  197.548,  190.271,  183.095,  177.374,  172.056,  164.256,  159.194,  171.116,  176.057,  181.487,  193.835,  181.715,  176.224,  171.254,  114.928,  129.764,  144.662,  158.91,  171.739,  181.775,  188.792,  193.284,  192.773,  188.235,  179.169,  168.273,  155.613,  141.318,  126.375,  111.472,  96.8452,  99.4719,  90.4129,  86.2043,  86.2315,  89.4769,  86.6449,  80.3488,  77.0909,  77.5074,  83.606,  98.3795,  106.483,  114.493,  123.031,  134.697,  135.487,  135.91,  133.742,  131.306,  106.997,  102.622,  101.442,  104.401,  106.812,  108.117,  99.5636,  94.3443,  93.4993,  95.9453,  98.8161,  99.8602,  158.162,  151.873,  148.111,  148.822,  146.761,  148.374,  151.657,  158.132,  161.075,  162.332,  162.776,  162.07,  157.385,  153.482,  153.099,  151.936,  152.15,  153.95,  155.247,  155.689, 0, 0, 1.66796, 0, 0.439814, 0, 0.0359692, 0.544719, 0, 0.408967, 0.0347009, 0.316234, 0, 0.350011, 0.0157062, 0.597719, 0.0864837, 0, 0, 1, 0, 0, 1, 0, 1, 0, 1, 0, 0, 0, 1, 0, 0, 0, 0
15,  0.933333,  0.970995,  1,  0.166921,  0.119264,  -0.978731,  -0.171545,  0.169505,  -0.970485,  15.1932,  13.1175,  300.974,  -0.0311069,  0.0302086,  -0.159442,  111.862,  114.55,  118.585,  123.561,  130.98,  141.61,  153.999,  168.007,  183.073,  197.592,  209.9,  220.125,  226.73,  229.471,  229.646,  228.688,  226.807,  119.407,  125.568,  136.22,  147.794,  158.516,  173.078,  182.647,  193.48,  204.737,  213.353,  167.949,  169.136,  170.322,  171.623,  161.736,  167.603,  173.461,  179.153,  184.21,  133.071,  138.822,  146.002,  152.888,  146.621,  139.418,  183.102,  189.062,  196.223,  202.735,  197.404,  190.339,  155.648,  162.992,  170.319,  175.347,  180.536,  188.697,  197.457,  190.24,  183.088,  177.357,  172.034,  164.22,  159.139,  171.078,  176.023,  181.464,  193.774,  181.698,  176.197,  171.22,  115.147,  129.916,  144.764,  158.959,  171.749,  181.766,  188.785,  193.308,  192.86,  188.438,  179.519,  168.736,  156.141,  141.85,  126.859,  111.9,  97.2208,  99.5777,  90.599,  86.4558,  86.4691,  89.6543,  86.8346,  80.6079,  77.3994,  77.8351,  83.8936,  98.4646,  106.549,  114.54,  123.056,  134.701,  135.494,  135.914,  133.75,  131.328,  107.056,  102.668,  101.489,  104.456,  106.841,  108.148,  99.6445,  94.4249,  93.5984,  96.0596,  98.8945,  99.9238,  158.168,  151.866,  148.104,  148.809,  146.753,  148.378,  151.685,  158.108,  161.039,  162.295,  162.734,  162.037,  157.394,  153.452,  153.066,  151.907,  152.17,  153.926,  155.22,  155.655, 0, 0, 1.71536, 0, 0.377595, 0, 0.0410764, 0.545717, 0, 0.45497, 0, 0.293441, 0, 0.327013, 0.0157062, 0.553039, 0.0205949, 0, 0, 1, 0, 0, 1, 0, 1, 0, 1, 0, 0, 0, 1, 0, 0, 0, 0
16,  1,  0.973075,  1,  0.168369,  0.118301,  -0.978599,  -0.168705,  0.165295,  -0.971708,  14.1905,  14.6641,  302.711,  -0.0188131,  0.0333289,  -0.151065,  111.587,  114.132,  118.02,  122.863,  130.136,  140.611,  152.848,  166.715,  181.696,  196.173,  208.495,  218.737,  225.347,  228.139,  228.427,  227.629,  225.92,  119.129,  125.213,  135.814,  147.346,  158.013,  172.515,  182.093,  192.936,  204.161,  212.654,  167.323,  168.387,  169.453,  170.63,  160.788,  166.604,  172.41,  178.085,  183.139,  132.663,  138.415,  145.572,  152.393,  146.143,  138.958,  182.399,  188.402,  195.552,  202.009,  196.681,  189.618,  154.636,  161.892,  169.17,  174.169,  179.338,  187.445,  196.134,  188.911,  181.789,  176.083,  170.785,  163.05,  158.099,  169.898,  174.817,  180.231,  192.445,  180.466,  174.99,  170.036,  115.326,  130.096,  144.933,  159.15,  172.022,  182.192,  189.427,  194.167,  193.86,  189.478,  180.521,  169.73,  157.175,  142.967,  128.082,  113.226,  98.6203,  100.333,  91.411,  87.3663,  87.5392,  90.8924,  88.2242,  82.0504,  78.8998,  79.4256,  85.5621,  99.9125,  108.019,  116.033,  124.57,  135.968,  136.829,  137.319,  135.211,  132.836,  107.98,  103.707,  102.621,  105.648,  107.983,  109.2,  101.162,  96.024,  95.251,  97.7305,  100.564,  101.541,  159.176,  153.051,  149.4,  150.16,  148.149,  149.818,  153.136,  159.608,  162.53,  163.742,  164.125,  163.282,  158.45,  154.746,  154.419,  153.305,  153.602,  155.404,  156.656,  157.032, 0, 0, 1.57077, 0, 0.378183, 0, 0.084711, 0.493829, 0, 0.459641, 0.0233343, 0.275163, 0.0189192, 0.303444, 0, 0.56464, 0.0184012, 0, 0, 1, 0, 0, 1, 0, 1, 0, 1, 0, 0, 0, 1, 0, 0, 0, 0
17,  1.06667,  0.974362,  1,  0.169144,  0.116075,  -0.978732,  -0.166918,  0.160231,  -0.972864,  13.4983,  16.1298,  304.461,  -0.0183786,  0.0332481,  -0.143269,  111.388,  113.82,  117.603,  122.343,  129.492,  139.84,  151.921,  165.662,  180.56,  194.992,  207.279,  217.495,  224.104,  226.964,  227.36,  226.679,  225.086,  119.095,  125.165,  135.653,  147.062,  157.609,  172.437,  181.971,  192.687,  203.753,  212.061,  167.031,  168.033,  169.042,  170.152,  160.26,  166.021,  171.78,  177.441,  182.471,  132.493,  138.238,  145.351,  152.076,  145.864,  138.728,  181.971,  187.955,  195.063,  201.433,  196.14,  189.122,  153.922,  161.116,  168.379,  173.355,  178.507,  186.552,  195.111,  187.917,  180.792,  175.107,  169.821,  162.151,  157.358,  169.047,  173.955,  179.344,  191.454,  179.556,  174.105,  169.162,  115.994,  130.78,  145.629,  159.858,  172.765,  183.014,  190.337,  195.128,  194.915,  190.643,  181.789,  171.053,  158.552,  144.403,  129.578,  114.742,  100.16,  101.124,  92.2957,  88.314,  88.55,  91.8988,  89.3092,  83.2976,  80.2736,  80.8905,  87.0448,  101.05,  109.145,  117.152,  125.679,  136.957,  137.864,  138.408,  136.365,  134.037,  108.904,  104.704,  103.67,  106.7,  108.993,  110.149,  102.459,  97.4365,  96.7163,  99.234,  102.007,  102.916,  160.214,  154.1,  150.502,  151.311,  149.365,  151.143,  154.616,  161.027,  163.859,  164.996,  165.319,  164.378,  159.509,  155.854,  155.573,  154.531,  155.044,  156.737,  157.924,  158.252, 0.0279945, 0, 1.53108, 0, 0.411824, 0, 0.0657037, 0.477947, 0, 0.507021, 0.152056, 0.320668, 0.0431949, 0.245545, 0, 0.622847, 0.054318, 0, 0, 1, 0, 0, 1, 0, 1, 0, 1, 0, 0, 0, 1, 0, 0, 0, 0
18,  1.13333,  0.971537,  1,  0.169311,  0.11402,  -0.978945,  -0.164745,  0.154079,  -0.974227,  12.7851,  16.8744,  306.601,  -0.0224414,  0.0308485,  -0.133547,  111.106,  113.386,  117.007,  121.583,  128.569,  138.77,  150.718,  164.355,  179.201,  193.628,  205.922,  216.151,  222.76,  225.686,  226.203,  225.661,  224.212,  119.193,  125.27,  135.692,  147.025,  157.482,  172.284,  181.766,  192.388,  203.311,  211.4,  166.817,  167.764,  168.72,  169.771,  159.786,  165.488,  171.192,  176.816,  181.805,  132.466,  138.201,  145.265,  151.865,  145.715,  138.625,  181.503,  187.445,  194.49,  200.75,  195.517,  188.565,  153.125,  160.404,  167.667,  172.565,  177.66,  185.582,  194.015,  186.776,  179.677,  174.068,  168.852,  161.262,  156.533,  168.258,  173.106,  178.425,  190.402,  178.553,  173.174,  168.299,  116.318,  131.05,  145.852,  160.044,  172.899,  183.136,  190.438,  195.22,  195.102,  190.995,  182.33,  171.75,  159.39,  145.395,  130.732,  116.038,  101.585,  101.435,  92.6505,  88.6814,  88.9642,  92.3557,  89.917,  84.0673,  81.2222,  82.0246,  88.2982,  101.628,  109.74,  117.762,  126.295,  137.403,  138.356,  138.96,  136.997,  134.738,  109.187,  105.03,  104.078,  107.18,  109.394,  110.473,  103.273,  98.3229,  97.6706,  100.288,  102.973,  103.802,  160.403,  154.433,  150.952,  151.815,  149.954,  151.793,  155.304,  161.479,  164.116,  165.154,  165.414,  164.461,  159.736,  156.276,  156.056,  155.09,  155.69,  157.072,  158.169,  158.444, 0.108379, 0, 1.58278, 0, 0.442051, 0, 0.0436346, 0.387666, 0, 0.349882, 0.245554, 0.361027, 0.0502903, 0.299976, 0, 0.402703, 0.0849984, 0, 0, 1, 0, 0, 1, 0, 1, 0, 1, 0, 0, 0, 1, 0, 0, 0, 0
19,  1.2,  0.96874,  1,  0.170442,  0.112891,  -0.97888,  -0.162593,  0.148772,  -0.975413,  11.6994,  17.7162,  307.717,  -0.0314904,  0.0279536,  -0.123042,  110.392,  112.505,  115.956,  120.393,  127.277,  137.366,  149.242,  162.787,  177.549,  191.919,  204.224,  214.536,  221.281,  224.378,  225.076,  224.696,  223.436,  118.702,  124.861,  135.357,  146.677,  157.045,  171.757,  181.274,  191.91,  202.79,  210.797,  166.183,  167.067,  167.956,  168.935,  158.869,  164.535,  170.221,  175.825,  180.803,  131.908,  137.647,  144.685,  151.212,  145.088,  138.016,  180.816,  186.775,  193.774,  199.963,  194.74,  187.829,  152.319,  159.735,  166.871,  171.602,  176.562,  184.237,  192.538,  185.269,  178.343,  172.905,  167.871,  160.477,  155.705,  167.387,  172.077,  177.247,  188.954,  177.306,  172.088,  167.381,  116.922,  131.572,  146.3,  160.427,  173.187,  183.334,  190.538,  195.32,  195.337,  191.513,  183.252,  173.071,  160.97,  147.112,  132.489,  117.819,  103.382,  101.802,  93.0669,  89.2215,  89.6402,  93.1405,  90.869,  85.1725,  82.4643,  83.4258,  89.8368,  102.441,  110.556,  118.572,  127.09,  137.949,  138.986,  139.644,  137.727,  135.509,  109.604,  105.515,  104.638,  107.787,  109.944,  110.959,  104.239,  99.3897,  98.8427,  101.529,  104.12,  104.857,  160.553,  154.888,  151.608,  152.497,  150.726,  152.557,  155.922,  161.548,  163.885,  164.829,  165.041,  164.224,  159.909,  156.732,  156.565,  155.66,  156.239,  157.102,  158.11,  158.337, 0.228043, 0.145215, 1.79186, 0, 0.41514, 0, 0, 0.271814, 0, 0.235586, 0.35546, 0.579825, 0.098481, 0.400731, 0, 0.169828, 0.102005, 0, 0, 1, 0, 0, 0, 0, 1, 0, 1, 0, 0, 0, 1, 0, 0, 0, 0
20,  1.26667,  0.970475,  1,  0.173768,  0.109672,  -0.978661,  -0.158916,  0.141904,  -0.977041,  10.0171,  19.5895,  309.146,  -0.027792,  0.0320443,  -0.112602,  109.51,  111.452,  114.707,  118.94,  125.627,  135.532,  147.269,  160.703,  175.458,  189.911,  202.381,  212.837,  219.663,  222.835,  223.632,  223.39,  222.304,  117.932,  124.064,  134.495,  145.731,  156.011,  170.887,  180.432,  191.053,  201.866,  209.736,  165.111,  165.867,  166.628,  167.473,  157.428,  163.04,  168.668,  174.251,  179.222,  131.049,  136.791,  143.79,  150.217,  144.122,  137.087,  179.683,  185.653,  192.624,  198.75,  193.522,  186.641,  150.696,  158.102,  165.21,  169.895,  174.846,  182.453,  190.713,  183.355,  176.436,  171.021,  166.031,  158.725,  154.048,  165.67,  170.324,  175.476,  187.132,  175.497,  170.297,  165.63,  117.741,  132.348,  147.032,  161.15,  173.946,  184.199,  191.529,  196.471,  196.641,  192.915,  184.725,  174.619,  162.593,  148.809,  134.279,  119.703,  105.334,  102.962,  94.3167,  90.5733,  91.1306,  94.7268,  92.5912,  87.0274,  84.4352,  85.5212,  91.9988,  104.133,  112.233,  120.239,  128.741,  139.372,  140.479,  141.207,  139.356,  137.2,  110.809,  106.82,  106.029,  109.234,  111.318,  112.242,  106.028,  101.28,  100.802,  103.53,  106.064,  106.729,  161.647,  156.162,  153.027,  153.963,  152.251,  154.108,  157.476,  162.96,  165.185,  166.067,  166.224,  165.345,  161.046,  158.11,  158.001,  157.145,  157.754,  158.472,  159.423,  159.598, 0.261009, 0.145215, 1.84694, 0, 0.376608, 0, 0, 0.200725, 0, 0.0838357, 0.316462, 0.696179, 0.154025, 0.520955, 0, 0, 0.0868171, 0, 0, 1, 0, 0, 0, 0, 1, 0, 1, 0, 0, 0, 1, 0, 0, 0, 0
21,  1.33333,  0.967452,  1,  0.178404,  0.106947,  -0.978128,  -0.155024,  0.137647,  -0.978274,  8.12682,  20.9334,  309.056,  -0.0280127,  0.034667,  -0.106637,  108.23,  110.089,  113.252,  117.393,  123.978,  133.788,  145.425,  158.771,  173.518,  188.023,  200.569,  211.12,  218.069,  221.347,  222.224,  222.053,  221.038,  116.578,  122.753,  133.185,  144.399,  154.649,  169.573,  179.184,  189.832,  200.642,  208.483,  163.7,  164.396,  165.098,  165.882,  155.79,  161.401,  167.035,  172.652,  177.654,  129.569,  135.321,  142.31,  148.729,  142.616,  135.597,  178.359,  184.36,  191.329,  197.45,  192.182,  185.304,  148.958,  156.363,  163.506,  168.21,  173.201,  180.857,  189.131,  181.735,  174.754,  169.299,  164.28,  156.951,  152.316,  163.946,  168.623,  173.812,  185.547,  173.848,  168.609,  163.915,  118.444,  133.064,  147.776,  161.913,  174.761,  185.079,  192.5,  197.574,  197.871,  194.246,  186.119,  176.058,  164.058,  150.273,  135.738,  121.159,  106.788,  103.794,  95.207,  91.5252,  92.1176,  95.7317,  93.6891,  88.2114,  85.7004,  86.844,  93.3357,  105.167,  113.248,  121.235,  129.722,  140.343,  141.478,  142.235,  140.409,  138.271,  111.713,  107.769,  107.002,  110.198,  112.248,  113.141,  107.133,  102.455,  102.026,  104.769,  107.246,  107.864,  162.709,  157.219,  154.105,  155.062,  153.373,  155.28,  158.734,  164.255,  166.498,  167.361,  167.49,  166.536,  162.13,  159.199,  159.11,  158.282,  158.998,  159.752,  160.684,  160.833, 0.261675, 0.145215, 1.81727, 0, 0.418432, 0, 0.0737323, 0.188749, 0, 0.0838357, 0.222964, 0.529218, 0.218027, 0.359256, 0.106475, 0.156928, 0.0790584, 0, 0, 1, 0, 0, 0, 0, 1, 0, 1, 0, 0, 0, 1, 0, 0, 0, 0
22,  1.4,  0.976413,  1,  0.184853,  0.105869,  -0.977047,  -0.151909,  0.132585,  -0.979461,  6.66018,  21.8802,  307.905,  -0.0142586,  0.0289039,  -0.0972138,  106.882,  108.687,  111.787,  115.892,  122.533,  132.45,  144.109,  157.428,  172.159,  186.563,  198.868,  209.176,  216.012,  219.353,  220.418,  220.434,  219.494,  115.436,  121.87,  132.378,  143.665,  153.971,  169.011,  178.643,  189.269,  200.012,  207.632,  163.117,  163.702,  164.332,  165.054,  154.396,  160.15,  165.928,  171.7,  176.814,  128.342,  134.282,  141.322,  147.808,  141.542,  134.472,  177.525,  183.708,  190.721,  196.838,  191.47,  184.537,  146.474,  153.866,  161.66,  166.77,  172.19,  180.357,  188.584,  181.429,  174.031,  168.092,  162.558,  154.494,  149.894,  162.109,  167.186,  172.79,  184.98,  173.187,  167.477,  162.311,  117.914,  132.933,  148.039,  162.52,  175.725,  186.402,  194.305,  199.683,  200.106,  196.267,  187.596,  177.041,  164.76,  150.902,  136.452,  122.063,  107.929,  103.247,  94.7307,  91.1283,  91.7966,  95.6727,  94.0047,  88.6751,  86.3509,  87.5937,  94.0847,  105.444,  113.421,  121.286,  129.681,  140.456,  141.594,  142.447,  140.656,  138.556,  111.58,  107.718,  107.072,  110.379,  112.226,  112.972,  107.741,  103.149,  102.795,  105.602,  107.937,  108.467,  163.535,  157.364,  153.994,  155.024,  153.327,  155.536,  159.829,  167.062,  170.168,  171.136,  171.193,  169.363,  163.044,  159.358,  159.3,  158.51,  160.164,  162.888,  163.921,  164.002, 0.245036, 0, 1.74714, 0, 0.50367, 0, 0.109665, 0.163485, 0, 0.0211865, 0.0897243, 0.232877, 0.336011, 0.176629, 0.211252, 0.212729, 0.108177, 0, 0, 1, 0, 0, 0, 0, 1, 0, 0, 0, 0, 0, 1, 0, 0, 0, 0
23,  1.46667,  0.97269,  1,  0.183223,  0.108819,  -0.97703,  -0.151022,  0.132984,  -0.979545,  6.43154,  21.258,  308.863,  -0.0309433,  0.0261653,  -0.0888676,  106.882,  108.535,  111.495,  115.488,  122.039,  131.867,  143.431,  156.664,  171.302,  185.638,  197.965,  208.336,  215.281,  218.779,  219.989,  220.141,  219.364,  115.739,  122.128,  132.618,  143.871,  154.113,  169.172,  178.808,  189.402,  200.093,  207.621,  163.17,  163.729,  164.324,  164.999,  154.306,  160.013,  165.757,  171.505,  176.608,  128.661,  134.597,  141.592,  147.987,  141.781,  134.748,  177.445,  183.612,  190.569,  196.61,  191.285,  184.405,  146.361,  153.881,  161.537,  166.554,  171.91,  179.848,  187.952,  180.718,  173.457,  167.613,  162.191,  154.347,  149.762,  161.906,  166.907,  172.44,  184.389,  172.675,  167.058,  161.987,  117.622,  132.586,  147.655,  162.11,  175.197,  185.761,  193.491,  198.704,  199.178,  195.636,  187.426,  177.249,  165.194,  151.432,  136.954,  122.484,  108.261,  102.792,  94.1963,  90.5417,  91.2098,  95.0421,  93.4279,  88.2312,  86.0712,  87.5398,  94.2336,  104.899,  112.874,  120.741,  129.126,  139.842,  141.017,  141.894,  140.166,  138.138,  110.988,  107.168,  106.557,  109.846,  111.665,  112.392,  107.44,  102.95,  102.667,  105.522,  107.784,  108.242,  162.684,  156.751,  153.52,  154.581,  152.953,  155.185,  159.365,  165.885,  168.596,  169.467,  169.485,  167.878,  162.196,  158.793,  158.787,  158.045,  159.63,  161.492,  162.43,  162.477, 0.271733, 0, 1.69979, 0, 0.566816, 0, 0.141867, 0.1117, 0, 0, 0, 0.0252505, 0.427685, 0, 0.339299, 0.30766, 0.138826, 0, 0, 1, 0, 0, 0, 0, 1, 0, 0, 0, 0, 0, 1, 0, 0, 0, 0
24,  1.53333,  0.97278,  1,  0.182893,  0.108511,  -0.977126,  -0.151524,  0.13261,  -0.979518,  6.50613,  21.2562,  308.978,  -0.031719,  0.025821,  -0.0872783,  106.998,  108.61,  111.534,  115.497,  122.006,  131.79,  143.335,  156.579,  171.226,  185.567,  197.905,  208.293,  215.263,  218.792,  220.038,  220.228,  219.487,  115.894,  122.303,  132.811,  144.072,  154.302,  169.236,  178.873,  189.476,  200.18,  207.734,  163.261,  163.81,  164.392,  165.052,  154.354,  160.058,  165.802,  171.551,  176.659,  128.769,  134.716,  141.719,  148.114,  141.904,  134.865,  177.562,  183.739,  190.7,  196.739,  191.416,  184.53,  146.402,  153.927,  161.582,  166.589,  171.937,  179.875,  187.975,  180.741,  173.48,  167.643,  162.227,  154.387,  149.814,  161.94,  166.934,  172.457,  184.412,  172.694,  167.084,  162.019,  117.617,  132.542,  147.574,  162.001,  175.087,  185.667,  193.425,  198.664,  199.163,  195.655,  187.49,  177.341,  165.297,  151.536,  137.051,  122.571,  108.333,  102.751,  94.1582,  90.5298,  91.213,  95.0655,  93.4555,  88.2388,  86.0769,  87.5484,  94.2493,  104.893,  112.859,  120.717,  129.094,  139.807,  140.99,  141.871,  140.153,  138.141,  110.97,  107.146,  106.544,  109.843,  111.658,  112.379,  107.455,  102.958,  102.68,  105.544,  107.808,  108.263,  162.664,  156.708,  153.468,  154.535,  152.913,  155.17,  159.389,  165.905,  168.605,  169.467,  169.482,  167.872,  162.174,  158.758,  158.754,  158.023,  159.644,  161.495,  162.419,  162.461, 0.28624, 0, 1.63405, 0, 0.580506, 0, 0.202757, 0.119055, 0, 0.0256931, 0, 0.0608249, 0.366802, 0.00444293, 0.241361, 0.210532, 0.14294, 0, 0, 1, 0, 0, 0, 0, 1, 0, 0, 0, 0, 0, 1, 0, 0, 0, 0
25,  1.6,  0.972925,  1,  0.181332,  0.111696,  -0.977058,  -0.148708,  0.133715,  -0.979799,  5.76211,  19.0486,  307.569,  -0.0668428,  0.0252627,  -0.0803177,  106.389,  107.838,  110.633,  114.498,  120.912,  130.629,  142.179,  155.492,  170.241,  184.708,  197.162,  207.652,  214.708,  218.315,  219.618,  219.835,  219.132,  115.576,  122.017,  132.516,  143.721,  153.857,  169.089,  178.751,  189.338,  199.944,  207.344,  162.857,  163.392,  163.958,  164.591,  153.895,  159.546,  165.238,  170.952,  176.029,  128.388,  134.303,  141.296,  147.636,  141.46,  134.433,  177.128,  183.274,  190.214,  196.186,  190.905,  184.05,  145.914,  153.46,  161.013,  165.975,  171.293,  179.09,  187.051,  179.836,  172.667,  166.876,  161.517,  153.83,  149.325,  161.327,  166.283,  171.769,  183.509,  171.923,  166.359,  161.343,  116.926,  131.831,  146.883,  161.328,  174.309,  184.743,  192.239,  197.235,  197.754,  194.536,  186.819,  177.039,  165.209,  151.52,  136.983,  122.386,  108.078,  100.886,  92.2051,  88.4861,  89.0981,  92.875,  91.274,  86.2092,  84.2866,  86.0686,  93.0186,  102.803,  110.698,  118.487,  126.789,  137.79,  138.959,  139.826,  138.195,  136.272,  109.115,  105.2,  104.605,  107.93,  109.725,  110.446,  105.723,  101.267,  101.061,  104.069,  106.199,  106.572,  160.886,  154.774,  151.53,  152.612,  151.063,  153.461,  157.908,  163.814,  166.177,  166.946,  166.929,  165.511,  160.332,  156.845,  156.851,  156.193,  158.061,  159.169,  160.005,  160.029, 0.399532, 0, 1.5464, 0, 0.555318, 0, 0.26628, 0.1118, 0, 0.0256931, 0, 0.135288, 0.181708, 0.00444293, 0.154892, 0.196669, 0.115866, 0, 0, 1, 0, 0, 0, 0, 1, 0, 0, 0, 0, 0, 1, 0, 0, 0, 0
26,  1.66667,  0.972915,  1,  0.181023,  0.112132,  -0.977066,  -0.148284,  0.13625,  -0.979514,  5.6714,  18.7942,  306.788,  -0.069055,  0.023977,  -0.0808994,  106.322,  107.726,  110.471,  114.334,  120.708,  130.39,  141.957,  155.344,  170.147,  184.615,  197.023,  207.543,  214.657,  218.32,  219.639,  219.872,  219.21,  115.475,  121.68,  132.066,  143.298,  153.468,  169.116,  178.827,  189.444,  200.014,  207.306,  162.715,  163.291,  163.894,  164.554,  153.873,  159.541,  165.241,  170.943,  176.017,  128.269,  134.171,  141.19,  147.554,  141.391,  134.342,  177.039,  183.188,  190.168,  196.158,  190.901,  184.002,  145.949,  153.486,  161.002,  165.966,  171.258,  179.074,  187.021,  179.833,  172.652,  166.882,  161.529,  153.861,  149.366,  161.308,  166.27,  171.728,  183.509,  171.876,  166.341,  161.316,  116.987,  131.82,  146.761,  161.148,  174.061,  184.501,  192.012,  197.068,  197.63,  194.443,  186.802,  177.061,  165.225,  151.497,  136.894,  122.206,  107.806,  100.747,  91.8582,  87.876,  88.2983,  91.9516,  90.2036,  85.1411,  83.3252,  85.3529,  92.51,  102.559,  110.501,  118.327,  126.657,  137.76,  138.92,  139.773,  138.136,  136.231,  109.229,  105.256,  104.637,  107.922,  109.798,  110.557,  105.595,  101.13,  100.9,  103.91,  106.088,  106.496,  160.919,  154.797,  151.521,  152.597,  151.039,  153.444,  157.89,  163.824,  166.162,  166.92,  166.9,  165.487,  160.351,  156.872,  156.878,  156.211,  158.035,  159.196,  160.016,  160.036, 0.690284, 0.0104645, 1.46378, 0, 0.511524, 0, 0.234078, 0.114065, 0, 0.0256931, 0.0112726, 0.220295, 0.0102139, 0.00444293, 0.0268453, 0.157649, 0.116511, 0, 0, 1, 0, 0, 0, 0, 1, 0, 0, 0, 0, 0, 1, 0, 0, 0, 0
27,  1.73333,  0.973772,  1,  0.178735,  0.111511,  -0.977558,  -0.148206,  0.134906,  -0.979712,  5.12289,  17.7038,  305.032,  -0.0959415,  0.0283084,  -0.0687253,  106.297,  107.494,  110.04,  113.757,  119.909,  129.401,  140.835,  154.136,  168.957,  183.489,  195.983,  206.7,  214.03,  217.918,  219.449,  219.977,  219.637,  115.493,  121.61,  131.858,  143.039,  153.194,  169.527,  179.451,  190.143,  200.629,  207.707,  162.623,  163.11,  163.62,  164.176,  153.499,  159.112,  164.754,  170.421,  175.475,  128.044,  133.962,  141.099,  147.454,  141.253,  134.089,  177.009,  183.268,  190.376,  196.388,  191.115,  184.078,  145.359,  152.97,  160.374,  165.217,  170.382,  178.118,  186.041,  178.672,  171.479,  165.854,  160.623,  153.138,  148.749,  160.595,  165.463,  170.779,  182.562,  170.786,  165.408,  160.485,  116.671,  131.52,  146.444,  160.839,  173.627,  184.017,  191.373,  196.308,  196.986,  194.13,  187.003,  177.556,  165.829,  152.091,  137.495,  122.756,  108.274,  99.6911,  90.513,  86.1206,  86.1436,  89.4508,  87.6329,  82.9869,  81.7154,  84.4019,  92.0454,  101.297,  109.329,  117.234,  125.625,  136.987,  138.135,  139,  137.475,  135.728,  108.621,  104.479,  103.871,  107.218,  109.214,  109.994,  105.089,  100.624,  100.476,  103.698,  105.863,  106.208,  160.176,  154.055,  150.761,  151.871,  150.394,  152.984,  157.589,  163.036,  164.993,  165.616,  165.557,  164.299,  159.602,  156.205,  156.263,  155.667,  157.643,  158.081,  158.764,  158.749, 1.05093, 0.145454, 1.30273, 0, 0.393823, 0, 0.0994558, 0.0550116, 0, 0, 0.129438, 0.200407, 0, 0, 0.0183079, 0.0978492, 0.129193, 1, 1, 1, 0, 0, 0, 0, 1, 0, 0, 0, 0, 0, 1, 0, 0, 0, 0
28,  1.8,  0.968254,  1,  0.178,  0.113647,  -0.977446,  -0.148887,  0.135622,  -0.97951,  4.25461,  17.2761,  304.17,  -0.103801,  0.0379777,  -0.0574775,  106.162,  107.157,  109.566,  113.221,  119.228,  128.535,  139.761,  152.838,  167.586,  182.147,  194.767,  205.72,  213.289,  217.432,  219.196,  219.983,  219.96,  115.398,  121.283,  131.169,  142.081,  152.052,  170.083,  180.083,  190.666,  200.902,  207.685,  162.192,  162.554,  162.931,  163.339,  152.871,  158.355,  163.876,  169.475,  174.482,  127.746,  133.618,  140.812,  147.066,  140.895,  133.678,  176.668,  182.921,  190.128,  196.132,  190.872,  183.741,  144.775,  152.269,  159.448,  164.079,  169.021,  176.629,  184.537,  176.969,  169.794,  164.411,  159.404,  152.24,  148.092,  159.585,  164.268,  169.349,  181.096,  169.217,  164.09,  159.37,  116.188,  131.053,  145.937,  160.328,  173.044,  183.502,  190.866,  195.846,  196.661,  194.038,  187.277,  178.048,  166.409,  152.689,  138.073,  123.192,  108.543,  98.8504,  89.624,  85.0013,  84.8159,  87.7789,  85.8491,  81.5975,  80.6722,  83.7675,  91.6309,  100.741,  109.004,  117.128,  125.705,  136.934,  138.13,  139.039,  137.58,  135.91,  108.29,  104.062,  103.479,  106.88,  108.994,  109.769,  104.93,  100.48,  100.365,  103.742,  105.948,  106.255,  159.916,  154.057,  150.872,  152.018,  150.617,  153.286,  157.821,  162.817,  164.404,  164.891,  164.768,  163.589,  159.357,  156.316,  156.436,  155.898,  157.817,  157.62,  158.175,  158.109, 1.3413, 0.298309, 1.20199, 0, 0.318081, 0, 0, 0.0400007, 0, 0.0854101, 0.292382, 0.342753, 0, 0.00969015, 0, 0.0559105, 0.172953, 1, 1, 1, 0, 0, 0, 0, 1, 0, 0, 0, 0, 0, 1, 0, 0, 0, 0
29,  1.86667,  0.969449,  1,  0.178876,  0.114098,  -0.977233,  -0.150502,  0.136261,  -0.979174,  3.89181,  17.6481,  304.219,  -0.0955921,  0.0415617,  -0.0547103,  106.133,  107.078,  109.44,  113.054,  118.978,  128.204,  139.363,  152.366,  167.073,  181.624,  194.287,  205.345,  213.02,  217.249,  219.086,  219.953,  220.019,  115.171,  120.961,  130.698,  141.513,  151.445,  170.193,  180.179,  190.688,  200.844,  207.601,  161.956,  162.274,  162.604,  162.959,  152.577,  158.035,  163.522,  169.099,  174.099,  127.474,  133.352,  140.583,  146.843,  140.648,  133.398,  176.525,  182.797,  190.067,  196.111,  190.819,  183.625,  144.427,  151.895,  159.066,  163.64,  168.502,  176.145,  184.123,  176.455,  169.217,  163.91,  158.959,  151.815,  147.729,  159.188,  163.822,  168.821,  180.681,  168.663,  163.619,  158.951,  116.098,  130.919,  145.727,  160.08,  172.81,  183.342,  190.799,  195.903,  196.788,  194.17,  187.41,  178.195,  166.567,  152.841,  138.226,  123.339,  108.669,  98.824,  89.6675,  85.0414,  84.8508,  87.7541,  85.8358,  81.6599,  80.7466,  83.8085,  91.5676,  101.106,  109.413,  117.575,  126.183,  137.374,  138.589,  139.512,  138.071,  136.413,  108.609,  104.387,  103.819,  107.25,  109.408,  110.168,  105.333,  100.878,  100.76,  104.147,  106.418,  106.732,  160.292,  154.551,  151.38,  152.545,  151.153,  153.843,  158.315,  163.411,  164.993,  165.453,  165.313,  164.071,  159.762,  156.865,  157.003,  156.48,  158.328,  158.17,  158.692,  158.611, 1.33939, 0.381426, 1.07762, 0, 0.241454, 0, 0, 0, 0, 0.155669, 0.281109, 0.367499, 0, 0.00969015, 0, 0.0144976, 0.183705, 1, 1, 1, 0, 0, 0, 0, 1, 0, 0, 0, 0, 0, 1, 0, 0, 0, 0
30,  1.93333,  0.96808,  1,  0.178054,  0.1184,  -0.976872,  -0.15002,  0.139473,  -0.978796,  4.02989,  17.2731,  303.23,  -0.0845947,  0.0438332,  -0.0530324,  106.331,  107.264,  109.625,  113.216,  119.099,  128.292,  139.366,  152.352,  167.123,  181.783,  194.525,  205.57,  213.218,  217.453,  219.314,  220.184,  220.223,  115.351,  121.267,  131.198,  142.18,  152.216,  169.965,  180.033,  190.73,  201.122,  207.995,  162.178,  162.455,  162.746,  163.064,  152.601,  158.063,  163.577,  169.238,  174.293,  127.653,  133.562,  140.768,  147.043,  140.833,  133.602,  176.733,  183.049,  190.291,  196.327,  191.005,  183.836,  144.175,  151.679,  158.981,  163.627,  168.595,  176.363,  184.437,  176.648,  169.262,  163.843,  158.792,  151.539,  147.493,  159.078,  163.79,  168.893,  180.976,  168.74,  163.582,  158.831,  115.107,  130.06,  145.041,  159.539,  172.465,  183.181,  190.864,  196.107,  197.021,  194.33,  187.341,  177.843,  166.023,  152.209,  137.536,  122.578,  107.818,  98.3065,  89.1109,  84.5881,  84.5406,  87.6663,  85.8407,  81.4169,  80.3732,  83.3722,  91.1977,  100.436,  108.778,  116.995,  125.68,  136.94,  138.186,  139.147,  137.729,  136.054,  107.785,  103.616,  103.067,  106.503,  108.584,  109.326,  104.616,  100.146,  100.034,  103.42,  105.682,  105.971,  160.254,  154.544,  151.397,  152.61,  151.231,  153.936,  158.414,  163.819,  165.52,  165.968,  165.789,  164.376,  159.762,  156.861,  157.033,  156.539,  158.467,  158.575,  159.099,  158.982, 1.15629, 0.348553, 0.863561, 0, 0.196532, 0, 0, 0, 0, 0.185583, 0.162944, 0.37408, 0, 0.00969015, 0.0206026, 0.0144976, 0.357482, 1, 1, 1, 0, 0, 0, 0, 1, 0, 0, 0, 0, 0, 1, 0, 0, 0, 0
31,  2,  0.964595,  1,  0.182302,  0.121988,  -0.975646,  -0.149287,  0.140035,  -0.978828,  3.51981,  18.6632,  303.287,  -0.0611563,  0.0431369,  -0.0510465,  105.796,  106.752,  109.046,  112.562,  118.571,  127.983,  139.222,  152.245,  167.019,  181.599,  194.328,  205.288,  212.768,  216.821,  218.623,  219.553,  219.628,  114.648,  120.718,  130.856,  142.082,  152.363,  169.104,  179.223,  190.159,  200.843,  207.894,  161.958,  162.125,  162.33,  162.582,  151.836,  157.48,  163.105,  168.854,  174.022,  127.173,  133.275,  140.488,  146.924,  140.534,  133.266,  176.209,  182.847,  190.122,  196.299,  190.733,  183.48,  142.716,  150.417,  158.192,  163.054,  168.242,  176.402,  184.818,  176.779,  169.079,  163.412,  158.116,  150.335,  146.072,  158.368,  163.267,  168.594,  181.215,  168.583,  163.174,  158.201,  114.921,  129.988,  145.099,  159.762,  172.888,  183.781,  191.75,  197.258,  198.278,  195.283,  187.8,  178.001,  166.045,  152.235,  137.74,  123.224,  108.916,  99.0405,  89.8203,  85.4032,  85.6509,  89.3491,  87.8852,  83.339,  82.2332,  85.1522,  92.9831,  102.19,  110.147,  117.954,  126.284,  137.737,  138.953,  139.941,  138.556,  136.948,  108.87,  105.029,  104.596,  108.006,  109.921,  110.534,  106.512,  102.253,  102.232,  105.431,  107.659,  107.899,  160.69,  154.878,  151.645,  152.923,  151.529,  154.316,  158.98,  165.442,  167.676,  168.217,  168.032,  166.147,  160.31,  157.282,  157.494,  157,  159.095,  160.396,  160.975,  160.841, 0.661424, 0.195698, 0.699568, 0, 0.16211, 0, 0, 0, 0, 0.24045, 0, 0.19348, 0, 0.0528895, 0.0559382, 0.0144976, 0.489865, 1, 1, 1, 0, 0, 0, 0, 1, 0, 0, 0, 0, 0, 1, 0, 0, 0, 1
32,  2.06667,  0.96098,  1,  0.183981,  0.124864,  -0.974967,  -0.151944,  0.13723,  -0.978816,  3.70822,  19.137,  304.624,  -0.0510389,  0.0445259,  -0.0464253,  105.939,  106.941,  109.247,  112.664,  118.659,  128.069,  139.262,  152.2,  166.924,  181.592,  194.543,  205.575,  212.997,  216.925,  218.68,  219.594,  219.617,  114.715,  121.183,  131.692,  143.023,  153.34,  169.053,  179.057,  190.02,  200.924,  208.314,  162.363,  162.413,  162.503,  162.651,  151.786,  157.451,  163.1,  168.911,  174.135,  127.337,  133.533,  140.715,  147.149,  140.682,  133.446,  176.725,  183.443,  190.672,  196.832,  191.167,  183.962,  142.567,  150.326,  158.204,  163.05,  168.267,  176.429,  184.958,  176.769,  169.042,  163.349,  158.054,  150.221,  145.952,  158.377,  163.257,  168.616,  181.235,  168.625,  163.171,  158.226,  114.438,  129.524,  144.705,  159.386,  172.706,  183.65,  191.7,  197.255,  198.291,  195.246,  187.596,  177.796,  165.922,  152.218,  137.859,  123.531,  109.424,  99.2496,  90.382,  86.6017,  87.4862,  91.7459,  90.6384,  85.8233,  84.2918,  86.5457,  93.9702,  102.966,  110.738,  118.386,  126.589,  137.716,  139.025,  140.074,  138.716,  137.066,  108.571,  104.965,  104.607,  108.081,  109.819,  110.307,  106.905,  102.731,  102.775,  105.909,  108.068,  108.226,  160.47,  154.748,  151.622,  152.952,  151.583,  154.398,  159.094,  165.481,  167.746,  168.276,  168.08,  166.133,  160.115,  157.227,  157.462,  157.023,  159.179,  160.367,  160.939,  160.799, 0.317144, 0.102117, 0.662746, 0, 0.221681, 0, 0, 0, 0, 0.295313, 0, 0.150396, 0, 0.0954256, 0.19556, 0, 0.537737, 0, 0, 1, 0, 0, 0, 0, 1, 0, 0, 0, 0, 0, 1, 0, 0, 0, 1
33,  2.13333,  0.968784,  1,  0.189234,  0.121697,  -0.974362,  -0.14814,  0.14247,  -0.978651,  3.37396,  19.1914,  304.647,  -0.0456865,  0.0430726,  -0.0672826,  105.015,  106.305,  108.927,  112.611,  118.758,  128.28,  139.601,  152.776,  167.623,  182.363,  195.257,  206.176,  213.558,  217.375,  218.847,  219.339,  218.924,  113.715,  120.2,  130.711,  141.988,  152.247,  167.725,  177.571,  188.372,  199.277,  206.974,  161.28,  161.602,  161.944,  162.346,  151.637,  157.298,  162.991,  168.808,  173.999,  126.36,  132.434,  139.528,  145.978,  139.615,  132.501,  175.984,  182.427,  189.545,  195.693,  190.164,  183.11,  143.01,  150.614,  158.383,  163.28,  168.531,  176.702,  185.205,  177.287,  169.641,  163.896,  158.562,  150.755,  146.446,  158.624,  163.549,  168.955,  181.541,  169.023,  163.518,  158.538,  115.517,  130.441,  145.505,  160.03,  173.325,  184.215,  192.226,  197.73,  198.557,  195.315,  187.439,  177.408,  165.371,  151.506,  136.888,  122.2,  107.761,  100.257,  91.5956,  87.9734,  88.7653,  92.7339,  91.1771,  85.9906,  83.9867,  85.6489,  92.5655,  102.859,  110.821,  118.692,  127.109,  138.029,  139.305,  140.266,  138.715,  136.852,  109.034,  105.311,  104.755,  108.008,  109.845,  110.505,  105.974,  101.648,  101.484,  104.418,  106.658,  106.99,  161.178,  155.252,  152.025,  153.225,  151.734,  154.308,  158.82,  165.255,  167.659,  168.31,  168.214,  166.481,  160.737,  157.565,  157.667,  157.112,  158.995,  160.299,  161.009,  160.974, 0.0440425, 0, 0.82954, 0, 0.337197, 0, 0, 0, 0, 0.441363, 0, 0.192479, 0, 0.101103, 0.261616, 0, 0.473389, 0, 0, 1, 0, 0, 1, 0, 1, 0, 0, 0, 0, 0, 1, 0, 0, 0, 1
34,  2.2,  0.966552,  1,  0.18976,  0.122612,  -0.974145,  -0.145897,  0.142803,  -0.978939,  3.21206,  19.2912,  305.581,  -0.0412649,  0.0433682,  -0.0707621,  104.832,  106.196,  108.895,  112.622,  118.814,  128.385,  139.737,  152.922,  167.779,  182.53,  195.414,  206.253,  213.486,  217.172,  218.552,  218.941,  218.424,  113.731,  120.203,  130.659,  141.885,  152.11,  167.4,  177.16,  187.881,  198.709,  206.318,  161.123,  161.47,  161.844,  162.284,  151.668,  157.274,  162.91,  168.677,  173.801,  126.461,  132.472,  139.485,  145.848,  139.57,  132.529,  175.578,  181.901,  188.932,  195.018,  189.546,  182.587,  143.146,  150.628,  158.345,  163.2,  168.398,  176.465,  184.856,  177.06,  169.52,  163.834,  158.549,  150.794,  146.541,  158.61,  163.482,  168.839,  181.212,  168.921,  163.467,  158.542,  115.422,  130.432,  145.595,  160.191,  173.516,  184.403,  192.373,  197.804,  198.562,  195.21,  187.184,  177.022,  164.934,  151.094,  136.537,  121.913,  107.547,  100.356,  91.7497,  88.1321,  88.9408,  92.9136,  91.3907,  86.2417,  84.2136,  85.8163,  92.651,  102.971,  110.924,  118.784,  127.191,  138.075,  139.323,  140.275,  138.724,  136.834,  109.013,  105.32,  104.769,  108.009,  109.816,  110.466,  105.979,  101.672,  101.493,  104.404,  106.619,  106.958,  161.241,  155.273,  152.045,  153.238,  151.758,  154.31,  158.834,  165.306,  167.724,  168.38,  168.288,  166.551,  160.78,  157.543,  157.633,  157.083,  159.018,  160.4,  161.127,  161.103, 0.0322227, 0.031445, 0.888533, 0, 0.399892, 0, 0, 0.0114914, 0, 0.305173, 0, 0.242863, 0, 0.0482137, 0.545137, 0.0241066, 0.557449, 0, 0, 1, 0, 0, 1, 0, 1, 0, 1, 0, 0, 0, 1, 0, 0, 0, 1
35,  2.26667,  0.971739,  1,  0.188266,  0.119498,  -0.974821,  -0.145942,  0.141178,  -0.979168,  3.92477,  21.143,  307.295,  -0.0255852,  0.0385272,  -0.0779519,  105.371,  106.731,  109.395,  113.128,  119.397,  129.052,  140.541,  153.947,  168.936,  183.619,  196.349,  206.979,  213.997,  217.506,  218.741,  218.975,  218.336,  114.639,  120.853,  131.138,  142.401,  152.656,  167.14,  176.916,  187.721,  198.574,  206.018,  161.415,  161.817,  162.26,  162.772,  152.259,  157.9,  163.531,  169.269,  174.384,  127.544,  133.5,  140.34,  146.645,  140.504,  133.608,  175.374,  181.582,  188.451,  194.509,  189.069,  182.257,  143.765,  151.127,  159.024,  163.988,  169.27,  177.502,  185.888,  178.352,  170.793,  165.004,  159.611,  151.55,  147.163,  159.388,  164.324,  169.774,  182.279,  170.072,  164.518,  159.486,  116.462,  131.417,  146.562,  161.177,  174.515,  185.539,  193.75,  199.41,  200.194,  196.557,  188.186,  177.709,  165.459,  151.589,  137.048,  122.553,  108.328,  102.21,  93.4991,  89.6844,  90.3909,  94.4292,  92.92,  87.7159,  85.748,  87.5924,  94.5732,  104.819,  112.447,  119.952,  128.038,  139.255,  140.392,  141.282,  139.704,  137.836,  110.795,  107.23,  106.687,  109.781,  111.495,  112.148,  107.692,  103.5,  103.307,  106.043,  108.188,  108.571,  162.589,  156.338,  152.961,  154.109,  152.586,  155.082,  159.748,  167.091,  169.955,  170.727,  170.672,  168.672,  162.118,  158.468,  158.51,  157.9,  159.99,  162.604,  163.419,  163.408, 0, 0.031445, 0.95434, 0, 0.407658, 0, 0, 0.0200637, 0, 0.41376, 0.187806, 0.368121, 0.00326333, 0.251108, 0.405516, 0.105716, 0.709919, 0, 0, 1, 0, 0, 1, 0, 1, 0, 1, 0, 0, 0, 1, 0, 0, 0, 1
36,  2.33333,  0.968095,  1,  0.185779,  0.118712,  -0.975394,  -0.146578,  0.143247,  -0.978772,  4.8545,  20.9567,  307.227,  -0.0341725,  0.0303908,  -0.0875078,  105.434,  107.012,  109.874,  113.742,  120.112,  129.849,  141.553,  155.062,  169.969,  184.542,  197.194,  207.835,  214.883,  218.38,  219.581,  219.762,  219.118,  114.576,  120.614,  131.087,  142.524,  152.978,  167.401,  177.159,  187.969,  198.899,  206.61,  161.743,  162.304,  162.874,  163.51,  153.319,  158.86,  164.429,  170.033,  175.033,  127.902,  133.761,  140.64,  146.957,  140.911,  133.97,  175.988,  182.106,  188.98,  195.036,  189.685,  182.871,  145.971,  153.533,  160.801,  165.339,  170.157,  177.69,  185.903,  178.376,  171.429,  166.179,  161.317,  153.939,  149.313,  161.133,  165.651,  170.645,  182.353,  170.649,  165.618,  161.082,  117.533,  132.236,  147.043,  161.363,  174.362,  184.963,  192.625,  197.864,  198.453,  195.013,  187.168,  177.26,  165.363,  151.636,  137.041,  122.388,  107.926,  103.332,  94.4414,  90.5286,  91.1748,  94.9733,  93.3128,  88.0462,  85.8717,  87.4753,  94.3491,  104.914,  112.743,  120.461,  128.727,  139.793,  140.959,  141.775,  140.152,  138.191,  111.152,  107.476,  106.808,  109.887,  111.807,  112.612,  107.478,  103.151,  102.932,  105.678,  107.992,  108.42,  162.611,  157.352,  154.325,  155.41,  153.884,  156.012,  159.584,  165.111,  167.143,  167.836,  167.857,  166.738,  162.076,  159.333,  159.374,  158.703,  159.772,  160.401,  161.156,  161.204, 0.00438508, 0.0679423, 1.07701, 0, 0.383559, 0, 0, 0.0200637, 0, 0.451865, 0.445064, 0.547173, 0.0205365, 0.55517, 0.318856, 0.105716, 0.689904, 0, 0, 1, 0, 0, 1, 0, 1, 0, 1, 0, 0, 0, 1, 0, 0, 0, 1
37,  2.4,  0.973979,  1,  0.186323,  0.114552,  -0.975788,  -0.147023,  0.141958,  -0.978893,  5.06202,  20.8046,  306.158,  -0.0358005,  0.0281423,  -0.0931702,  105.152,  106.785,  109.731,  113.69,  120.139,  129.964,  141.785,  155.444,  170.418,  185.029,  197.659,  208.327,  215.451,  218.965,  220.063,  220.088,  219.286,  114.245,  120.439,  130.933,  142.285,  152.642,  167.697,  177.413,  188.128,  198.981,  206.771,  161.702,  162.393,  163.083,  163.839,  153.579,  159.148,  164.752,  170.352,  175.337,  127.482,  133.324,  140.294,  146.671,  140.578,  133.569,  176.19,  182.263,  189.2,  195.288,  189.997,  183.14,  146.256,  153.939,  161.187,  165.717,  170.528,  178.08,  186.357,  178.785,  171.805,  166.555,  161.708,  154.35,  149.633,  161.51,  166.034,  171.02,  182.82,  170.981,  165.953,  161.42,  118.005,  132.637,  147.385,  161.636,  174.62,  185.202,  192.839,  198.099,  198.631,  195.187,  187.35,  177.434,  165.48,  151.632,  136.889,  122.035,  107.375,  103.31,  94.5827,  90.8088,  91.4234,  95.0646,  93.1092,  87.7446,  85.4289,  86.8512,  93.5739,  104.779,  112.827,  120.784,  129.27,  140.07,  141.262,  142.069,  140.35,  138.306,  111.279,  107.447,  106.722,  109.846,  111.859,  112.719,  107.105,  102.594,  102.272,  105.046,  107.448,  107.962,  162.629,  157.417,  154.432,  155.462,  153.897,  155.886,  159.279,  164.674,  166.644,  167.354,  167.405,  166.427,  162.093,  159.407,  159.406,  158.684,  159.499,  159.996,  160.78,  160.865, 0.00438508, 0.0364973, 1.18537, 0, 0.393986, 0, 0, 0.00857228, 0, 0.590958, 0.671326, 0.521904, 0.0205365, 0.746632, 0, 0.124382, 0.59094, 0, 0, 1, 0, 0, 1, 0, 1, 0, 0, 0, 0, 0, 1, 0, 0, 0, 1
38,  2.46667,  0.971748,  1,  0.186538,  0.116108,  -0.975563,  -0.149329,  0.142627,  -0.978447,  5.09455,  22.1092,  306.115,  -0.0224709,  0.0342298,  -0.0883462,  105.553,  107.13,  109.987,  113.851,  120.171,  129.862,  141.488,  155.017,  170.046,  184.834,  197.702,  208.519,  215.695,  219.216,  220.331,  220.438,  219.731,  114.507,  120.612,  131.052,  142.416,  152.808,  167.917,  177.671,  188.428,  199.31,  207.083,  161.888,  162.473,  163.058,  163.701,  153.419,  159.022,  164.643,  170.306,  175.36,  127.669,  133.553,  140.5,  146.868,  140.751,  133.778,  176.501,  182.631,  189.588,  195.686,  190.316,  183.445,  145.81,  153.384,  160.732,  165.458,  170.484,  178.235,  186.567,  178.927,  171.747,  166.264,  161.2,  153.751,  149.201,  161.048,  165.773,  170.976,  182.986,  170.957,  165.703,  160.961,  118.191,  132.882,  147.659,  161.95,  175.033,  185.766,  193.639,  199.161,  199.844,  196.384,  188.343,  178.223,  166.117,  152.197,  137.465,  122.661,  108.053,  103.869,  95.1469,  91.3902,  92.0989,  95.8688,  94.0533,  88.6348,  86.3209,  87.7257,  94.4103,  105.884,  113.923,  121.874,  130.357,  141.154,  142.386,  143.251,  141.557,  139.538,  112.136,  108.438,  107.753,  110.823,  112.806,  113.605,  108.231,  103.867,  103.57,  106.279,  108.675,  109.159,  163.875,  158.565,  155.572,  156.658,  155.079,  157.161,  160.757,  166.483,  168.638,  169.36,  169.363,  168.127,  163.372,  160.736,  160.772,  160.066,  160.977,  161.76,  162.551,  162.592, 0.00438508, 0.11938, 1.17713, 0, 0.382399, 0, 0, 0.0767387, 0, 0.357249, 0.639528, 0.329978, 0.0172732, 0.501202, 0.151579, 0.142562, 0.64669, 0, 0, 1, 0, 0, 1, 0, 1, 0, 0, 0, 0, 0, 1, 0, 0, 0, 1
39,  2.53333,  0.960533,  1,  0.183307,  0.112384,  -0.976611,  -0.147828,  0.13507,  -0.979746,  5.28344,  23.5814,  308.467,  -0.00804396,  0.032905,  -0.0840451,  106.201,  107.684,  110.416,  114.163,  120.453,  130.099,  141.692,  155.179,  170.218,  184.908,  197.616,  208.194,  215.147,  218.59,  219.754,  219.895,  219.213,  115.645,  121.487,  131.694,  143.013,  153.375,  167.84,  177.641,  188.465,  199.283,  206.607,  162.221,  162.715,  163.241,  163.831,  153.476,  159.092,  164.705,  170.382,  175.45,  128.891,  134.734,  141.491,  147.717,  141.731,  134.904,  176.064,  182.112,  188.889,  194.882,  189.538,  182.829,  145.44,  152.798,  160.483,  165.427,  170.718,  178.702,  186.905,  179.559,  172.257,  166.492,  161.164,  153.305,  148.789,  160.857,  165.762,  171.23,  183.371,  171.483,  165.944,  160.961,  118.18,  133.002,  147.939,  162.406,  175.606,  186.607,  194.891,  200.708,  201.508,  197.823,  189.381,  178.894,  166.648,  152.812,  138.253,  123.748,  109.431,  104.948,  96.108,  92.126,  92.7562,  96.6678,  95.1854,  89.9923,  88.0111,  89.9408,  96.9602,  107.115,  114.906,  122.571,  130.79,  141.68,  142.841,  143.741,  142.079,  140.139,  112.795,  109.226,  108.665,  111.782,  113.498,  114.192,  109.628,  105.392,  105.178,  107.888,  110.068,  110.485,  164.432,  158.745,  155.643,  156.756,  155.185,  157.349,  161.395,  168.347,  171.11,  171.935,  171.886,  170.051,  163.973,  160.845,  160.903,  160.187,  161.664,  164.069,  164.951,  164.922, 0.0505808, 0.166752, 1.19573, 0, 0.420053, 0, 0, 0.233886, 0, 0.143677, 0.421725, 0.123649, 0, 0.191462, 0.325849, 0.350571, 0.760261, 0, 0, 1, 0, 0, 1, 0, 1, 0, 0, 0, 0, 0, 1, 1, 0, 0, 1
40,  2.6,  0.968219,  1,  0.185178,  0.114375,  -0.976026,  -0.147992,  0.138783,  -0.979203,  5.18997,  23.348,  306.076,  -0.00205397,  0.0295009,  -0.0883196,  105.611,  107.243,  110.159,  114.083,  120.499,  130.229,  141.842,  155.334,  170.413,  185.153,  197.799,  208.325,  215.26,  218.666,  219.794,  219.885,  219.105,  114.832,  120.785,  131.075,  142.431,  152.836,  167.905,  177.708,  188.482,  199.244,  206.595,  162.049,  162.62,  163.228,  163.905,  153.394,  159.077,  164.776,  170.512,  175.608,  128.06,  133.929,  140.776,  147.117,  141.042,  134.146,  176.152,  182.239,  189.101,  195.139,  189.765,  182.983,  145.494,  152.803,  160.523,  165.561,  170.915,  178.965,  187.093,  179.913,  172.591,  166.741,  161.308,  153.376,  148.891,  160.935,  165.933,  171.468,  183.537,  171.771,  166.155,  161.075,  117.883,  132.882,  147.973,  162.53,  175.851,  186.897,  195.25,  201.161,  201.966,  198.237,  189.588,  178.912,  166.513,  152.554,  137.918,  123.318,  108.938,  104.276,  95.5143,  91.6014,  92.2344,  96.1135,  94.5787,  89.3443,  87.2524,  88.9745,  95.8111,  106.672,  114.705,  122.61,  131.057,  141.824,  143.018,  143.938,  142.192,  140.14,  112.485,  108.86,  108.254,  111.357,  113.15,  113.879,  109.031,  104.76,  104.509,  107.202,  109.438,  109.881,  164.945,  159.1,  155.918,  157.022,  155.396,  157.577,  161.709,  168.873,  171.817,  172.697,  172.661,  170.744,  164.474,  161.235,  161.259,  160.518,  162.014,  164.567,  165.512,  165.501, 0.0505808, 0.166752, 1.29057, 0, 0.451179, 0.240391, 0, 0.3446, 0, 0.000495986, 0.195463, 0.0998769, 0.0376798, 0, 0.4802, 0.447109, 0.564717, 0, 0, 1, 0, 0, 1, 0, 1, 0, 0, 0, 0, 0, 1, 1, 0, 0, 1
41,  2.66667,  0.980938,  1,  0.184494,  0.105085,  -0.9772,  -0.150713,  0.133409,  -0.979534,  5.36274,  22.0383,  303.233,  0.00898707,  0.0310514,  -0.0925337,  105.444,  107.144,  110.278,  114.369,  120.777,  130.406,  141.985,  155.51,  170.565,  185.36,  198.017,  208.618,  215.805,  219.435,  220.649,  220.663,  219.68,  114.147,  120.611,  131.166,  142.436,  152.67,  168.239,  178.01,  188.696,  199.52,  207.265,  161.885,  162.555,  163.236,  163.98,  153.485,  159.133,  164.871,  170.674,  175.806,  127.053,  132.923,  140.07,  146.577,  140.341,  133.182,  176.785,  182.803,  189.903,  196.038,  190.759,  183.777,  145.902,  153.181,  160.782,  165.823,  171.218,  179.297,  187.449,  180.303,  172.935,  167.023,  161.55,  153.744,  149.392,  161.152,  166.186,  171.765,  183.882,  172.025,  166.354,  161.249,  116.848,  131.886,  147.028,  161.559,  175.103,  186.32,  194.862,  200.866,  201.571,  197.923,  189.241,  178.438,  165.863,  151.671,  136.721,  121.612,  106.656,  102.859,  94.5851,  91.2961,  92.1142,  95.8514,  93.9485,  88.3808,  85.8125,  86.8826,  93.2311,  104.993,  113.58,  122.089,  131.103,  141.42,  142.726,  143.651,  141.805,  139.598,  110.789,  106.71,  106.043,  109.577,  111.474,  112.265,  106.717,  101.786,  101.345,  104.328,  106.821,  107.396,  164.93,  159.104,  155.915,  156.986,  155.264,  157.374,  161.371,  168.32,  171.236,  172.147,  172.129,  170.331,  164.455,  161.226,  161.195,  160.404,  161.729,  163.909,  164.905,  164.903, 0.0505808, 0.0838684, 1.42932, 0.0669313, 0.484073, 0.328742, 0, 0.408908, 0, 0.000495986, 0.0394554, 0.206395, 0.0376798, 0, 0.429565, 0.539411, 0.245748, 0, 0, 1, 0, 0, 1, 0, 1, 0, 0, 0, 0, 0, 1, 1, 0, 0, 0
42,  2.73333,  0.982451,  1,  0.182802,  0.105161,  -0.977509,  -0.150113,  0.132561,  -0.979742,  5.24175,  21.025,  300.979,  0.00921007,  0.0310764,  -0.0927181,  105.089,  106.869,  110.16,  114.349,  120.782,  130.382,  141.934,  155.441,  170.537,  185.436,  198.132,  208.729,  215.891,  219.492,  220.706,  220.67,  219.564,  113.658,  120.247,  130.838,  142.037,  152.223,  168.591,  178.311,  188.888,  199.618,  207.321,  161.848,  162.548,  163.262,  164.038,  153.496,  159.117,  164.859,  170.681,  175.803,  126.597,  132.447,  139.708,  146.264,  139.967,  132.701,  176.86,  182.849,  190.042,  196.182,  190.934,  183.877,  145.964,  153.175,  160.762,  165.796,  171.181,  179.221,  187.288,  180.208,  172.849,  166.941,  161.463,  153.7,  149.462,  161.13,  166.162,  171.737,  183.705,  171.957,  166.293,  161.198,  115.87,  131.111,  146.452,  161.127,  174.842,  186.177,  194.799,  200.797,  201.468,  197.839,  189.055,  178.1,  165.406,  151.122,  136.081,  120.803,  105.686,  101.553,  93.437,  90.3047,  91.2198,  94.9273,  93.0152,  87.4649,  84.8044,  85.6916,  91.8931,  103.718,  112.603,  121.419,  130.723,  140.861,  142.219,  143.177,  141.31,  139.028,  109.356,  105.109,  104.445,  108.187,  110.097,  110.889,  105.313,  100.178,  99.7075,  102.858,  105.398,  105.971,  164.67,  158.803,  155.605,  156.701,  154.965,  157.122,  161.176,  168.046,  170.916,  171.808,  171.769,  169.963,  164.189,  160.974,  160.936,  160.165,  161.548,  163.448,  164.443,  164.427, 0.0462241, 0.0601939, 1.49321, 0.17166, 0.46835, 0.446652, 0, 0.385703, 0, 0, 0.00695189, 0.334742, 0.0376798, 0, 0.359474, 0.540595, 0, 0, 0, 1, 0, 0, 1, 0, 1, 0, 0, 0, 0, 0, 1, 1, 0, 0, 0
43,  2.8,  0.984049,  1,  0.181466,  0.105331,  -0.97774,  -0.150754,  0.132619,  -0.979635,  5.23308,  20.888,  300.238,  0.00900784,  0.0335659,  -0.0925555,  105.136,  106.947,  110.284,  114.498,  120.914,  130.462,  141.96,  155.446,  170.575,  185.526,  198.271,  208.893,  216.039,  219.607,  220.82,  220.793,  219.69,  113.593,  120.075,  130.592,  141.758,  151.945,  168.687,  178.421,  188.985,  199.677,  207.324,  161.802,  162.479,  163.173,  163.927,  153.431,  159.062,  164.809,  170.648,  175.792,  126.563,  132.39,  139.676,  146.242,  139.939,  132.649,  176.873,  182.85,  190.083,  196.236,  190.976,  183.885,  146.045,  153.127,  160.695,  165.768,  171.175,  179.252,  187.298,  180.282,  172.914,  166.975,  161.462,  153.704,  149.545,  161.094,  166.155,  171.759,  183.687,  172.007,  166.316,  161.188,  115.561,  130.875,  146.262,  160.99,  174.768,  186.187,  194.902,  200.953,  201.637,  197.999,  189.172,  178.168,  165.431,  151.122,  136.057,  120.753,  105.62,  101.255,  93.087,  89.8926,  90.7939,  94.4937,  92.6275,  87.1283,  84.5108,  85.4399,  91.6696,  103.524,  112.442,  121.283,  130.609,  140.808,  142.159,  143.118,  141.245,  138.953,  109.134,  104.846,  104.189,  107.98,  109.906,  110.693,  105.144,  99.9898,  99.5254,  102.718,  105.264,  105.831,  164.868,  158.844,  155.574,  156.676,  154.927,  157.149,  161.362,  168.271,  171.175,  172.077,  172.041,  170.212,  164.361,  161.03,  160.98,  160.21,  161.723,  163.627,  164.629,  164.61, 0.223843, 0.169929, 1.54443, 0.268779, 0.403996, 0.330915, 0, 0.274989, 0, 0, 0.00695189, 0.597423, 0, 0, 0.246666, 0.452513, 0, 0, 0, 1, 0, 0, 1, 0, 1, 0, 0, 0, 0, 0, 1, 1, 0, 0, 0
44,  2.86667,  0.980912,  1,  0.180398,  0.105525,  -0.977917,  -0.152146,  0.132345,  -0.979457,  5.10239,  21.0644,  300.72,  0.00613727,  0.0430218,  -0.0888296,  105.486,  107.307,  110.695,  114.899,  121.159,  130.532,  141.857,  155.204,  170.248,  185.229,  198.118,  208.884,  216.039,  219.591,  220.869,  220.984,  220.031,  113.817,  120.208,  130.547,  141.547,  151.652,  169.112,  178.812,  189.231,  199.779,  207.371,  161.854,  162.447,  163.052,  163.71,  153.567,  159.029,  164.601,  170.317,  175.35,  126.763,  132.529,  139.871,  146.337,  140.081,  132.74,  176.977,  182.882,  190.194,  196.331,  191.112,  183.952,  146.553,  153.345,  160.57,  165.381,  170.455,  178.242,  186.128,  179.101,  171.946,  166.354,  161.127,  153.79,  149.988,  160.949,  165.756,  171.029,  182.497,  171.109,  165.768,  160.922,  115.374,  130.767,  146.189,  160.964,  174.79,  186.263,  194.912,  200.809,  201.437,  197.864,  189.168,  178.217,  165.522,  151.245,  136.24,  120.91,  105.727,  101.049,  92.8871,  89.6442,  90.5164,  94.0616,  92.1776,  86.8917,  84.3577,  85.2761,  91.4522,  103.566,  112.57,  121.499,  130.897,  141.153,  142.486,  143.434,  141.674,  139.447,  109.251,  104.899,  104.249,  108.138,  110.197,  110.972,  105.369,  100.181,  99.7264,  103.023,  105.689,  106.241,  165.498,  159.426,  156.092,  157.241,  155.564,  157.991,  162.347,  168.641,  171.115,  171.88,  171.829,  170.239,  164.922,  161.682,  161.648,  160.983,  162.632,  163.521,  164.395,  164.375, 0.379307, 0.291939, 1.58865, 0.318226, 0.31134, 0.357088, 0, 0.133942, 0, 0, 0.0468716, 1.1161, 0, 0.0447603, 0.145722, 0.260422, 0, 0, 1, 1, 0, 0, 1, 0, 1, 0, 0, 0, 1, 0, 1, 1, 0, 0, 0
45,  2.93333,  0.974522,  1,  0.179092,  0.106527,  -0.978048,  -0.152743,  0.132477,  -0.979346,  5.15267,  20.7294,  300.817,  -0.00668885,  0.0529639,  -0.0864021,  105.947,  107.756,  111.182,  115.401,  121.604,  130.872,  142.05,  155.23,  170.17,  185.177,  198.229,  209.145,  216.356,  219.91,  221.214,  221.385,  220.51,  114.143,  120.519,  130.804,  141.684,  151.695,  169.4,  179.082,  189.456,  199.99,  207.64,  161.916,  162.433,  162.95,  163.519,  153.71,  159.025,  164.458,  170.077,  175.037,  127.03,  132.746,  140.107,  146.508,  140.278,  132.919,  177.151,  183.038,  190.386,  196.515,  191.307,  184.11,  147.081,  153.704,  160.639,  165.185,  169.973,  177.517,  185.361,  178.219,  171.252,  165.968,  161.029,  154.057,  150.463,  160.997,  165.546,  170.535,  181.699,  170.462,  165.423,  160.862,  115.358,  130.761,  146.204,  160.987,  174.797,  186.233,  194.756,  200.49,  201.072,  197.61,  189.128,  178.309,  165.684,  151.412,  136.383,  120.964,  105.681,  100.894,  92.7425,  89.5317,  90.4379,  93.9019,  91.9839,  86.7913,  84.2632,  85.1473,  91.3225,  103.22,  112.248,  121.214,  130.643,  140.92,  142.251,  143.18,  141.49,  139.315,  108.994,  104.599,  103.936,  107.854,  109.998,  110.791,  105.141,  99.9365,  99.5105,  102.874,  105.586,  106.107,  165.252,  159.253,  155.932,  157.101,  155.485,  158.012,  162.348,  168.012,  170.082,  170.737,  170.681,  169.351,  164.624,  161.56,  161.536,  160.944,  162.564,  162.504,  163.273,  163.257, 0.468694, 0.231745, 1.49917, 0.243595, 0.25664, 0.351577, 0, 0, 0, 0, 0.0884368, 1.48215, 0, 0.0447603, 0.0415421, 0.132551, 0, 0, 1, 1, 0, 0, 1, 0, 1, 0, 0, 0, 1, 0, 1, 1, 0, 0, 0
46,  3,  0.973863,  1,  0.176995,  0.106343,  -0.97845,  -0.153497,  0.133293,  -0.979118,  5.44349,  20.8889,  298.668,  -0.000827821,  0.0503224,  -0.0884408,  106.08,  107.886,  111.341,  115.623,  121.87,  131.145,  142.285,  155.549,  170.629,  185.709,  198.68,  209.492,  216.634,  220.14,  221.416,  221.525,  220.54,  114.164,  120.478,  130.712,  141.65,  151.716,  169.533,  179.286,  189.728,  200.279,  207.811,  162.063,  162.597,  163.148,  163.749,  153.818,  159.225,  164.746,  170.47,  175.521,  127.018,  132.75,  140.131,  146.626,  140.35,  132.975,  177.321,  183.234,  190.613,  196.773,  191.525,  184.301,  146.947,  153.499,  160.766,  165.542,  170.538,  178.48,  186.41,  179.436,  172.186,  166.647,  161.434,  154.023,  150.402,  161.195,  165.954,  171.158,  182.736,  171.299,  166.022,  161.208,  115.156,  130.709,  146.321,  161.251,  175.271,  186.968,  195.869,  201.93,  202.616,  199.002,  190.125,  178.861,  165.921,  151.455,  136.313,  120.838,  105.547,  100.53,  92.326,  89.0143,  89.8468,  93.365,  91.5002,  86.2316,  83.7516,  84.7536,  90.9964,  102.918,  111.875,  120.754,  130.124,  140.834,  142.125,  143.046,  141.321,  139.12,  108.852,  104.407,  103.735,  107.631,  109.744,  110.548,  104.867,  99.6648,  99.2358,  102.604,  105.263,  105.783,  166.053,  159.571,  156.012,  157.187,  155.516,  158.145,  162.9,  169.592,  172.183,  172.926,  172.867,  171.125,  165.435,  161.864,  161.805,  161.195,  163.179,  164.263,  165.103,  165.069, 0.365959, 0.144473, 1.44548, 0.214328, 0.347844, 0.519859, 0, 0, 0, 0, 0.0884368, 1.40244, 0, 0.0447603, 0.323075, 0.252713, 0, 0, 1, 1, 0, 0, 1, 0, 1, 0, 0, 0, 1, 0, 1, 1, 0, 0, 0
47,  3.06667,  0.985624,  1,  0.180146,  0.100592,  -0.978483,  -0.154753,  0.130561,  -0.979288,  6.08146,  20.9375,  299.827,  0.014758,  0.0276279,  -0.0954958,  105.568,  107.415,  110.793,  115.08,  121.567,  131.165,  142.751,  156.364,  171.517,  186.34,  198.851,  209.35,  216.51,  220.147,  221.395,  221.337,  220.161,  114.084,  120.485,  130.82,  141.912,  152.019,  169.587,  179.249,  189.693,  200.225,  207.718,  162.449,  163.205,  163.99,  164.832,  154.146,  159.866,  165.686,  171.543,  176.703,  127.036,  132.912,  140.248,  146.881,  140.526,  133.194,  177.443,  183.395,  190.678,  196.879,  191.631,  184.49,  146.47,  153.39,  161.312,  166.582,  172.16,  180.597,  188.613,  181.937,  174.347,  168.178,  162.407,  154.164,  150.023,  161.758,  167.001,  172.77,  185.032,  173.358,  167.455,  162.077,  115.767,  131.103,  146.462,  161.161,  174.962,  186.506,  195.48,  201.8,  202.594,  198.829,  189.783,  178.542,  165.624,  151.172,  135.981,  120.587,  105.413,  101.024,  92.8408,  89.5524,  90.2857,  93.9023,  91.954,  86.5006,  83.9627,  84.9727,  91.1605,  103.457,  112.302,  121.04,  130.265,  140.5,  141.811,  142.759,  140.822,  138.526,  109.238,  104.851,  104.198,  108.039,  109.926,  110.697,  105.094,  99.8557,  99.3322,  102.529,  105.062,  105.696,  164.842,  158.174,  154.644,  155.715,  153.924,  156.264,  161.038,  169.333,  172.928,  173.94,  173.898,  171.501,  164.323,  160.257,  160.161,  159.375,  161.455,  165.151,  166.243,  166.21, 0.245859, 0.0621874, 1.40515, 0.160539, 0.454506, 0.670752, 0, 0.00184458, 0, 0, 0.0485171, 0.986203, 0, 0, 0.645852, 0.407054, 0, 0, 1, 1, 0, 0, 1, 0, 1, 0, 0, 0, 1, 0, 1, 1, 0, 0, 0
48,  3.13333,  0.985849,  1,  0.180261,  0.100797,  -0.978441,  -0.154537,  0.130913,  -0.979275,  6.0944,  20.9157,  299.674,  0.0167528,  0.0264831,  -0.0962725,  105.489,  107.352,  110.737,  115.024,  121.519,  131.136,  142.76,  156.419,  171.606,  186.438,  198.938,  209.417,  216.55,  220.154,  221.381,  221.312,  220.129,  114.017,  120.399,  130.759,  141.895,  152.048,  169.508,  179.187,  189.661,  200.218,  207.712,  162.436,  163.202,  163.998,  164.852,  154.158,  159.891,  165.719,  171.576,  176.737,  127.002,  132.881,  140.221,  146.868,  140.511,  133.173,  177.419,  183.379,  190.665,  196.871,  191.621,  184.476,  146.491,  153.424,  161.361,  166.635,  172.212,  180.655,  188.681,  182.015,  174.432,  168.263,  162.491,  154.222,  150.05,  161.817,  167.062,  172.831,  185.094,  173.43,  167.527,  162.147,  115.658,  130.995,  146.353,  161.056,  174.877,  186.443,  195.445,  201.797,  202.591,  198.79,  189.692,  178.416,  165.483,  151.031,  135.857,  120.491,  105.341,  101.092,  92.8701,  89.5514,  90.2776,  93.9133,  91.9655,  86.4891,  83.9395,  84.9548,  91.163,  103.481,  112.314,  121.039,  130.255,  140.516,  141.818,  142.761,  140.816,  138.513,  109.26,  104.876,  104.219,  108.057,  109.947,  110.723,  105.094,  99.849,  99.3221,  102.509,  105.05,  105.691,  164.851,  158.19,  154.654,  155.722,  153.922,  156.244,  160.997,  169.328,  172.949,  173.975,  173.942,  171.547,  164.33,  160.268,  160.168,  159.372,  161.419,  165.167,  166.272,  166.245, 0.167527, 0.068996, 1.42865, 0.18405, 0.528976, 0.830213, 0, 0.00184458, 0, 0, 0, 0.650888, 0, 0, 1.00769, 0.472889, 0, 0, 1, 1, 0, 0, 1, 0, 1, 0, 0, 0, 1, 0, 1, 1, 1, 0, 0
49,  3.2,  0.985801,  1,  0.180251,  0.100599,  -0.978463,  -0.154438,  0.130764,  -0.979311,  6.09972,  20.9137,  299.693,  0.0160552,  0.0274066,  -0.0967503,  105.518,  107.391,  110.786,  115.084,  121.589,  131.213,  142.836,  156.482,  171.662,  186.497,  198.998,  209.472,  216.59,  220.181,  221.4,  221.325,  220.136,  114.028,  120.403,  130.743,  141.859,  152.003,  169.527,  179.198,  189.658,  200.202,  207.691,  162.433,  163.193,  163.985,  164.836,  154.154,  159.884,  165.711,  171.568,  176.729,  127.008,  132.881,  140.22,  146.862,  140.507,  133.171,  177.418,  183.376,  190.662,  196.87,  191.617,  184.472,  146.491,  153.412,  161.344,  166.622,  172.2,  180.649,  188.682,  182.01,  174.42,  168.249,  162.475,  154.211,  150.042,  161.804,  167.051,  172.823,  185.095,  173.422,  167.517,  162.136,  115.728,  131.074,  146.435,  161.143,  174.952,  186.502,  195.479,  201.795,  202.566,  198.754,  189.653,  178.378,  165.445,  151,  135.837,  120.484,  105.347,  101.088,  92.8698,  89.5397,  90.2536,  93.8723,  91.9261,  86.4697,  83.9324,  84.9491,  91.1483,  103.461,  112.299,  121.03,  130.25,  140.517,  141.816,  142.758,  140.814,  138.511,  109.265,  104.874,  104.216,  108.056,  109.948,  110.725,  105.092,  99.8476,  99.3208,  102.513,  105.052,  105.692,  164.858,  158.192,  154.653,  155.72,  153.92,  156.243,  161,  169.323,  172.941,  173.966,  173.934,  171.544,  164.336,  160.269,  160.168,  159.371,  161.423,  165.158,  166.263,  166.238, 0.0926431, 0.0465336, 1.43026, 0.24611, 0.527391, 0.744091, 0, 0.188233, 0, 0, 0, 0.421793, 0, 0, 1.28905, 0.560252, 0, 0, 1, 1, 0, 0, 1, 0, 1, 0, 0, 0, 1, 0, 1, 1, 1, 0, 0
50,  3.26667,  0.985617,  1,  0.179831,  0.100584,  -0.978542,  -0.153139,  0.132362,  -0.9793,  6.48402,  21.2562,  298.041,  0.0212048,  0.0264908,  -0.104898,  105.464,  107.508,  111.122,  115.679,  122.45,  132.271,  144.001,  157.681,  172.878,  187.642,  199.926,  210.156,  217.05,  220.483,  221.625,  221.453,  220.146,  113.936,  120.17,  130.446,  141.588,  151.776,  169.616,  179.277,  189.735,  200.237,  207.607,  162.49,  163.288,  164.132,  165.046,  154.429,  160.181,  166.038,  171.909,  177.068,  127.019,  132.859,  140.186,  146.875,  140.528,  133.197,  177.44,  183.384,  190.67,  196.889,  191.636,  184.485,  147.137,  153.78,  161.778,  167.103,  172.69,  181.252,  189.214,  182.874,  175.312,  169.11,  163.271,  154.829,  150.681,  162.333,  167.594,  173.382,  185.624,  174.242,  168.309,  162.878,  115.961,  131.543,  147.114,  162.001,  175.968,  187.649,  196.785,  203.168,  203.87,  199.8,  190.321,  178.695,  165.527,  150.981,  135.768,  120.396,  105.273,  101.35,  92.986,  89.4868,  90.0972,  93.6926,  91.706,  86.2707,  83.7374,  84.789,  91.0096,  103.461,  112.284,  120.976,  130.171,  140.656,  141.902,  142.816,  140.809,  138.432,  109.497,  105.062,  104.36,  108.141,  110.058,  110.881,  105.049,  99.8141,  99.2681,  102.429,  104.951,  105.612,  165.59,  158.578,  154.859,  155.893,  154.049,  156.402,  161.406,  170.439,  174.452,  175.579,  175.575,  172.939,  165.022,  160.488,  160.339,  159.506,  161.872,  166.552,  167.758,  167.751, 0.0728235, 0.00680863, 1.39018, 0.183519, 0.552877, 0.700654, 0, 0.344053, 0, 0, 0, 0.212834, 0, 0, 1.56208, 0.710287, 0, 0, 1, 1, 0, 0, 1, 0, 1, 0, 0, 0, 0, 0, 1, 1, 1, 0, 0
51,  3.33333,  0.98545,  1,  0.179635,  0.0989145,  -0.978748,  -0.153377,  0.131687,  -0.979354,  6.52659,  21.1149,  297.669,  0.0147868,  0.0269773,  -0.107641,  105.459,  107.554,  111.211,  115.804,  122.605,  132.453,  144.208,  157.904,  173.11,  187.862,  200.112,  210.319,  217.187,  220.591,  221.706,  221.503,  220.162,  113.817,  119.94,  130.104,  141.197,  151.391,  169.716,  179.36,  189.76,  200.197,  207.523,  162.446,  163.26,  164.125,  165.058,  154.455,  160.23,  166.104,  171.982,  177.15,  126.96,  132.787,  140.131,  146.839,  140.487,  133.142,  177.418,  183.347,  190.662,  196.903,  191.647,  184.472,  147.165,  153.774,  161.818,  167.19,  172.806,  181.442,  189.437,  183.133,  175.522,  169.282,  163.397,  154.879,  150.705,  162.399,  167.702,  173.524,  185.849,  174.428,  168.462,  162.984,  116.279,  131.882,  147.444,  162.329,  176.257,  187.899,  196.978,  203.266,  203.899,  199.79,  190.31,  178.687,  165.514,  150.954,  135.724,  120.349,  105.243,  101.378,  92.9454,  89.3094,  89.7988,  93.2819,  91.2597,  85.9021,  83.434,  84.5332,  90.7515,  103.263,  112.041,  120.681,  129.821,  140.497,  141.696,  142.581,  140.563,  138.185,  109.542,  105.045,  104.316,  108.096,  110.039,  110.888,  104.938,  99.6819,  99.1231,  102.304,  104.82,  105.495,  165.628,  158.46,  154.651,  155.666,  153.804,  156.184,  161.29,  170.429,  174.503,  175.654,  175.67,  173.028,  165.038,  160.332,  160.158,  159.311,  161.766,  166.571,  167.795,  167.806, 0.0603762, 0, 1.31074, 0.1938, 0.599495, 0.818864, 0.0643099, 0.521876, 0, 0, 0, 0, 0, 0, 1.76609, 0.841519, 0, 1, 1, 1, 0, 0, 1, 0, 1, 0, 0, 0, 0, 0, 1, 1, 1, 0, 0
52,  3.4,  0.98239,  1,  0.180209,  0.0978497,  -0.978749,  -0.152903,  0.130987,  -0.979522,  6.55393,  21.0516,  298.048,  0.0116019,  0.0293696,  -0.107251,  105.596,  107.662,  111.296,  115.897,  122.691,  132.538,  144.297,  157.97,  173.15,  187.887,  200.112,  210.302,  217.161,  220.596,  221.743,  221.585,  220.295,  114.066,  120.179,  130.314,  141.388,  151.553,  169.769,  179.428,  189.833,  200.265,  207.557,  162.505,  163.293,  164.131,  165.037,  154.46,  160.208,  166.066,  171.94,  177.096,  127.112,  132.935,  140.265,  146.927,  140.607,  133.275,  177.477,  183.388,  190.69,  196.914,  191.682,  184.518,  147.2,  153.735,  161.727,  167.089,  172.702,  181.317,  189.27,  182.991,  175.397,  169.162,  163.277,  154.817,  150.719,  162.294,  167.591,  173.405,  185.706,  174.322,  168.361,  162.885,  116.445,  132.085,  147.672,  162.568,  176.449,  188.026,  196.987,  203.12,  203.678,  199.573,  190.169,  178.607,  165.468,  150.934,  135.729,  120.352,  105.232,  101.382,  92.8809,  89.1736,  89.5818,  93.0004,  90.941,  85.625,  83.216,  84.4115,  90.7137,  103.101,  111.904,  120.57,  129.727,  140.388,  141.583,  142.47,  140.469,  138.113,  109.526,  105.003,  104.274,  108.062,  110.002,  110.849,  104.889,  99.6207,  99.0579,  102.267,  104.774,  105.45,  165.564,  158.325,  154.498,  155.515,  153.671,  156.097,  161.285,  170.398,  174.446,  175.582,  175.589,  172.949,  164.958,  160.167,  160,  159.169,  161.744,  166.552,  167.763,  167.771, 0.0861836, 0, 1.20559, 0.154058, 0.599663, 1.05229, 0.10794, 0.446714, 0.00175686, 0, 0, 0, 0, 0, 1.68189, 0.823281, 0, 1, 1, 1, 0, 0, 1, 0, 1, 0, 0, 0, 0, 0, 1, 1, 1, 0, 0
53,  3.46667,  0.982515,  1,  0.179762,  0.0987292,  -0.978743,  -0.152595,  0.131764,  -0.979466,  6.6635,  20.7589,  298.515,  0.000961698,  0.0253729,  -0.107533,  105.591,  107.666,  111.282,  115.837,  122.6,  132.464,  144.258,  157.969,  173.147,  187.865,  200.063,  210.233,  217.073,  220.477,  221.594,  221.429,  220.135,  114.095,  120.182,  130.26,  141.276,  151.447,  170.101,  179.703,  189.968,  200.271,  207.521,  162.675,  163.518,  164.41,  165.367,  154.734,  160.481,  166.333,  172.171,  177.292,  127.209,  133.023,  140.353,  147.002,  140.694,  133.369,  177.595,  183.497,  190.79,  196.985,  191.782,  184.635,  147.318,  154.024,  161.993,  167.326,  172.895,  181.393,  189.307,  182.953,  175.408,  169.231,  163.396,  155.004,  150.834,  162.536,  167.817,  173.587,  185.764,  174.346,  168.445,  163.012,  116.65,  132.232,  147.76,  162.614,  176.416,  187.9,  196.709,  202.681,  203.172,  199.116,  189.827,  178.382,  165.337,  150.85,  135.684,  120.346,  105.274,  101.367,  92.8775,  89.0939,  89.4174,  92.6817,  90.5887,  85.4007,  83.0609,  84.2402,  90.4668,  102.859,  111.674,  120.361,  129.531,  140.248,  141.42,  142.291,  140.298,  137.952,  109.491,  104.964,  104.206,  107.941,  109.929,  110.805,  104.738,  99.5179,  98.9611,  102.163,  104.663,  105.329,  165.274,  158.167,  154.384,  155.392,  153.551,  155.939,  160.979,  169.67,  173.499,  174.609,  174.635,  172.205,  164.672,  160.073,  159.904,  159.065,  161.438,  165.628,  166.817,  166.851, 0.111717, 0, 1.06586, 0.165247, 0.56989, 1.28583, 0.118724, 0.409131, 0.00175686, 0, 0, 0, 0, 0, 1.53358, 0.773652, 0, 0, 1, 1, 0, 0, 1, 0, 1, 0, 0, 0, 0, 0, 1, 1, 1, 0, 0
54,  3.53333,  0.983028,  1,  0.17914,  0.0974453,  -0.978986,  -0.153836,  0.130715,  -0.979412,  6.63793,  20.5693,  299.809,  -0.000249424,  0.0277332,  -0.1078,  105.774,  107.873,  111.477,  115.992,  122.71,  132.529,  144.282,  157.903,  173.014,  187.706,  199.958,  210.193,  217.087,  220.495,  221.584,  221.418,  220.143,  114.139,  120.18,  130.189,  141.138,  151.29,  170.032,  179.639,  189.889,  200.163,  207.42,  162.583,  163.42,  164.301,  165.245,  154.687,  160.427,  166.257,  172.069,  177.182,  127.252,  133.033,  140.357,  146.991,  140.699,  133.381,  177.514,  183.385,  190.683,  196.895,  191.68,  184.537,  147.296,  154.032,  161.919,  167.261,  172.85,  181.317,  189.262,  182.834,  175.303,  169.117,  163.29,  154.994,  150.791,  162.469,  167.762,  173.555,  185.719,  174.245,  168.332,  162.9,  116.638,  132.113,  147.512,  162.244,  175.87,  187.187,  195.824,  201.706,  202.188,  198.224,  189.113,  177.878,  164.983,  150.6,  135.513,  120.264,  105.268,  101.412,  92.9669,  89.1713,  89.4529,  92.6402,  90.571,  85.4597,  83.1796,  84.3856,  90.5851,  102.939,  111.746,  120.423,  129.568,  140.207,  141.363,  142.224,  140.235,  137.908,  109.519,  104.992,  104.235,  107.998,  109.991,  110.866,  104.819,  99.5918,  99.039,  102.245,  104.754,  105.426,  164.861,  157.91,  154.196,  155.191,  153.344,  155.671,  160.551,  168.942,  172.661,  173.768,  173.802,  171.493,  164.27,  159.857,  159.692,  158.828,  161.002,  164.863,  166.044,  166.084, 0.0974792, 0, 1.06419, 0.17004, 0.542127, 1.23947, 0.129247, 0.348749, 0.00175686, 0, 0, 0, 0, 0, 1.33583, 0.620897, 0, 0, 1, 1, 0, 0, 1, 0, 1, 0, 0, 0, 0, 0, 1, 1, 1, 0, 0
55,  3.6,  0.983772,  1,  0.180078,  0.0979315,  -0.978765,  -0.15318,  0.130498,  -0.979544,  6.70574,  21.0248,  302.013,  0.0085291,  0.0258141,  -0.10705,  105.925,  107.939,  111.49,  115.959,  122.671,  132.486,  144.24,  157.873,  172.887,  187.485,  199.762,  210.005,  216.915,  220.33,  221.395,  221.186,  219.871,  114.428,  120.779,  131.067,  142.09,  152.178,  169.61,  179.137,  189.46,  199.912,  207.432,  162.617,  163.459,  164.33,  165.266,  154.794,  160.471,  166.234,  171.992,  177.064,  127.474,  133.274,  140.555,  147.164,  140.885,  133.601,  177.461,  183.323,  190.545,  196.725,  191.546,  184.467,  147.563,  154.382,  162.086,  167.299,  172.781,  181.025,  188.947,  182.426,  175.081,  169.02,  163.342,  155.279,  151.074,  162.598,  167.768,  173.453,  185.38,  174.021,  168.22,  162.932,  116.673,  131.952,  147.251,  161.877,  175.479,  186.721,  195.294,  201.161,  201.645,  197.75,  188.742,  177.65,  164.891,  150.596,  135.542,  120.287,  105.262,  101.87,  93.6883,  90.3406,  90.99,  94.4727,  92.3665,  86.9086,  84.2791,  85.1476,  91.2041,  103.787,  112.529,  121.168,  130.285,  140.619,  141.83,  142.687,  140.727,  138.408,  109.86,  105.464,  104.736,  108.488,  110.44,  111.284,  105.291,  100.045,  99.4643,  102.572,  105.148,  105.841,  164.756,  158.133,  154.564,  155.567,  153.734,  155.976,  160.557,  168.415,  171.882,  172.948,  172.985,  170.883,  164.172,  160.117,  159.965,  159.115,  160.978,  164.214,  165.356,  165.403, 0.0716719, 0, 1.01826, 0.106742, 0.528383, 1.15727, 0.15262, 0.323551, 0, 0, 0, 0, 0, 0, 1.11765, 0.410713, 0, 0, 1, 1, 0, 0, 1, 0, 1, 0, 0, 0, 0, 0, 1, 1, 0, 0, 0
56,  3.66667,  0.98357,  1,  0.180949,  0.0957752,  -0.978818,  -0.153156,  0.128568,  -0.979803,  6.7505,  21.3036,  302.918,  0.00498937,  0.0242856,  -0.107668,  105.979,  107.961,  111.468,  115.895,  122.592,  132.404,  144.17,  157.839,  172.846,  187.429,  199.724,  209.978,  216.903,  220.317,  221.359,  221.123,  219.778,  114.534,  121.027,  131.474,  142.586,  152.693,  169.233,  178.765,  189.187,  199.788,  207.471,  162.616,  163.468,  164.342,  165.283,  154.766,  160.467,  166.25,  172.021,  177.112,  127.512,  133.336,  140.6,  147.225,  140.936,  133.664,  177.44,  183.322,  190.511,  196.701,  191.514,  184.458,  147.563,  154.474,  162.137,  167.348,  172.843,  181.051,  189.023,  182.422,  175.105,  169.036,  163.369,  155.358,  151.093,  162.637,  167.808,  173.508,  185.437,  174.031,  168.217,  162.935,  117.193,  132.345,  147.559,  162.094,  175.612,  186.731,  195.17,  200.92,  201.352,  197.504,  188.628,  177.678,  165.019,  150.777,  135.75,  120.525,  105.531,  102.42,  94.268,  91.0345,  91.7727,  95.3694,  93.2586,  87.6309,  84.8756,  85.6599,  91.7401,  104.248,  112.88,  121.418,  130.442,  140.794,  141.998,  142.83,  140.881,  138.579,  110.281,  105.92,  105.187,  108.917,  110.842,  111.692,  105.664,  100.399,  99.8117,  102.876,  105.454,  106.161,  164.815,  158.212,  154.638,  155.632,  153.791,  156.029,  160.562,  168.124,  171.472,  172.532,  172.591,  170.636,  164.214,  160.174,  160.011,  159.158,  160.953,  163.874,  165.006,  165.072, 0.0305938, 0, 1.01145, 0.0955523, 0.499011, 0.925022, 0.248916, 0.226477, 0, 0, 0, 0.0699752, 0, 0, 0.947786, 0.155966, 0, 0, 0, 1, 0, 0, 1, 0, 1, 0, 0, 0, 0, 0, 1, 1, 0, 0, 0
57,  3.73333,  0.981682,  1,  0.185195,  0.0961322,  -0.977988,  -0.15492,  0.128952,  -0.979475,  7.05707,  23.048,  307.286,  0.00460847,  0.0192718,  -0.10724,  106.244,  108.171,  111.48,  115.736,  122.41,  132.349,  144.283,  158.037,  172.96,  187.367,  199.609,  209.844,  216.76,  220.155,  221.153,  220.957,  219.724,  115.181,  121.783,  132.325,  143.547,  153.737,  168.846,  178.337,  188.817,  199.527,  207.406,  162.963,  163.798,  164.652,  165.578,  155.027,  160.753,  166.507,  172.203,  177.254,  128.185,  134.09,  141.179,  147.738,  141.502,  134.396,  177.482,  183.433,  190.454,  196.626,  191.371,  184.455,  147.577,  154.693,  162.345,  167.525,  172.993,  181.108,  189.125,  182.399,  175.16,  169.141,  163.531,  155.54,  151.087,  162.819,  167.959,  173.623,  185.549,  174.119,  168.342,  163.1,  118.912,  133.699,  148.573,  162.831,  176.021,  186.811,  194.931,  200.521,  200.963,  197.131,  188.499,  177.919,  165.571,  151.561,  136.761,  121.878,  107.231,  104.528,  96.4024,  93.2037,  93.9794,  97.6968,  95.7283,  90.0899,  87.3446,  88.0815,  94.081,  106.6,  114.716,  122.738,  131.273,  141.755,  142.892,  143.677,  141.804,  139.621,  112.552,  108.534,  107.806,  111.237,  113.103,  113.92,  108.102,  103.177,  102.657,  105.433,  107.941,  108.627,  165.049,  158.634,  155.143,  156.12,  154.327,  156.524,  160.895,  168.212,  171.458,  172.501,  172.582,  170.74,  164.457,  160.548,  160.412,  159.566,  161.228,  164.092,  165.19,  165.286, 0, 0, 0.961902, 0.026871, 0.443376, 0.640225, 0.215602, 0.149043, 0, 0, 0, 0.103986, 0.0857043, 0, 0.87527, 0.0303312, 0, 0, 0, 1, 0, 0, 1, 0, 1, 0, 0, 0, 0, 0, 1, 0, 0, 0, 0
58,  3.8,  0.981552,  1,  0.18572,  0.0910476,  -0.978375,  -0.154554,  0.12361,  -0.980221,  6.95892,  24.3627,  307.95,  0.0087271,  0.0196706,  -0.108039,  106.126,  108.08,  111.381,  115.635,  122.35,  132.366,  144.371,  158.115,  173.003,  187.355,  199.56,  209.793,  216.674,  220.022,  220.996,  220.823,  219.641,  115.074,  121.585,  132.112,  143.388,  153.671,  168.726,  178.294,  188.857,  199.593,  207.38,  162.901,  163.719,  164.56,  165.48,  154.975,  160.697,  166.421,  172.083,  177.108,  128.151,  134.042,  141.148,  147.687,  141.475,  134.342,  177.331,  183.279,  190.324,  196.506,  191.254,  184.313,  147.513,  154.677,  162.269,  167.413,  172.831,  180.897,  188.927,  182.137,  174.938,  168.981,  163.423,  155.501,  150.997,  162.758,  167.862,  173.477,  185.346,  173.914,  168.196,  163.001,  119.9,  134.675,  149.516,  163.759,  176.865,  187.569,  195.579,  201.095,  201.472,  197.566,  188.885,  178.351,  166.09,  152.208,  137.579,  122.888,  108.4,  105.79,  97.5421,  94.1771,  94.868,  98.5743,  96.6099,  91.0181,  88.3603,  89.2739,  95.4435,  107.873,  115.983,  123.989,  132.503,  143.027,  144.124,  144.896,  143.047,  140.89,  113.832,  109.804,  109.086,  112.565,  114.46,  115.273,  109.448,  104.494,  103.973,  106.775,  109.323,  110.023,  166.047,  159.795,  156.345,  157.32,  155.528,  157.671,  161.882,  169.036,  172.203,  173.241,  173.331,  171.573,  165.461,  161.74,  161.613,  160.748,  162.217,  164.894,  165.989,  166.095, 0, 0.0425429, 1.06381, 0, 0.358647, 0.381606, 0.148599, 0.121941, 0, 0, 0.0741977, 0.246804, 0.088669, 0, 0.812114, 0, 0, 0, 0, 1, 0, 0, 1, 0, 1, 0, 0, 0, 0, 0, 1, 0, 0, 0, 0
59,  3.86667,  0.978728,  1,  0.185541,  0.0902469,  -0.978484,  -0.156397,  0.12223,  -0.980102,  6.81544,  25.696,  308.839,  0.022737,  0.0231802,  -0.103027,  106.371,  108.257,  111.471,  115.606,  122.144,  132.004,  143.877,  157.512,  172.344,  186.733,  199.093,  209.515,  216.557,  220.016,  221.06,  220.992,  219.936,  115.136,  121.657,  132.186,  143.449,  153.736,  168.757,  178.356,  188.936,  199.712,  207.603,  162.888,  163.667,  164.457,  165.317,  154.914,  160.579,  166.242,  171.871,  176.878,  128.162,  134.06,  141.194,  147.722,  141.5,  134.343,  177.431,  183.407,  190.49,  196.693,  191.423,  184.443,  147.426,  154.661,  162.107,  167.141,  172.455,  180.4,  188.475,  181.468,  174.296,  168.46,  163.028,  155.325,  150.897,  162.539,  167.554,  173.062,  184.893,  173.323,  167.726,  162.646,  120.199,  134.869,  149.589,  163.742,  176.832,  187.577,  195.656,  201.331,  201.839,  198.059,  189.487,  179.03,  166.812,  152.935,  138.314,  123.597,  109.032,  106.662,  98.5297,  95.2924,  96.0806,  99.7942,  97.8251,  92.2156,  89.5055,  90.3212,  96.3969,  109.192,  117.407,  125.534,  134.158,  144.44,  145.595,  146.403,  144.595,  142.468,  114.907,  110.954,  110.261,  113.763,  115.706,  116.497,  110.705,  105.757,  105.235,  108.016,  110.672,  111.375,  167.043,  161.226,  157.954,  158.97,  157.21,  159.297,  163.176,  169.925,  172.84,  173.796,  173.853,  172.204,  166.51,  163.309,  163.237,  162.401,  163.502,  165.592,  166.61,  166.686, 0, 0.1535, 1.19094, 0, 0.305295, 0.266614, 0.0415179, 0.0989332, 0, 0.0610106, 0.0741977, 0.283147, 0.10539, 0, 0.736666, 0, 0, 0, 0, 1, 0, 0, 1, 0, 1, 0, 0, 0, 0, 0, 1, 0, 0, 0, 0
60,  3.93333,  0.976255,  1,  0.18641,  0.090684,  -0.978278,  -0.15849,  0.121423,  -0.979866,  6.84878,  26.3851,  309.244,  0.0309514,  0.0240296,  -0.0998176,  106.397,  108.249,  111.405,  115.489,  122.01,  131.891,  143.78,  157.386,  172.2,  186.596,  199.002,  209.491,  216.603,  220.118,  221.201,  221.194,  220.209,  115.176,  121.755,  132.279,  143.511,  153.791,  169.078,  178.714,  189.28,  200.038,  207.934,  163.046,  163.785,  164.534,  165.354,  154.877,  160.559,  166.235,  171.88,  176.906,  128.164,  134.094,  141.235,  147.752,  141.508,  134.349,  177.663,  183.675,  190.774,  196.986,  191.678,  184.685,  147.277,  154.575,  162.012,  167.048,  172.376,  180.318,  188.43,  181.307,  174.099,  168.258,  162.827,  155.17,  150.745,  162.422,  167.45,  172.968,  184.835,  173.171,  167.567,  162.486,  120.294,  134.933,  149.612,  163.74,  176.829,  187.594,  195.702,  201.439,  201.985,  198.2,  189.617,  179.212,  167.058,  153.247,  138.704,  124.064,  109.563,  107.053,  99.0445,  95.9042,  96.7742,  100.507,  98.5678,  93.0192,  90.3067,  91.0758,  97.0806,  109.976,  118.212,  126.366,  135.013,  145.108,  146.297,  147.137,  145.34,  143.214,  115.443,  111.576,  110.905,  114.405,  116.342,  117.096,  111.432,  106.542,  106.036,  108.786,  111.453,  112.143,  167.448,  161.804,  158.621,  159.655,  157.906,  159.968,  163.744,  170.34,  173.19,  174.124,  174.162,  172.524,  166.948,  163.964,  163.918,  163.088,  164.063,  165.962,  166.962,  167.027, 0, 0.1535, 1.30916, 0, 0.26403, 0.236425, 0, 0.062648, 0, 0.0610106, 0.0741977, 0.364809, 0.0196855, 0.00210985, 0.637882, 0, 0, 0, 0, 1, 0, 0, 1, 0, 1, 0, 0, 0, 0, 0, 1, 0, 0, 0, 0
61,  4,  0.976224,  1,  0.184669,  0.0905491,  -0.978621,  -0.157544,  0.120718,  -0.980106,  6.94953,  25.1042,  308.862,  0.00817556,  0.0270965,  -0.0998994,  106.673,  108.524,  111.656,  115.709,  122.233,  132.116,  143.999,  157.565,  172.371,  186.778,  199.191,  209.671,  216.787,  220.304,  221.371,  221.326,  220.312,  115.336,  121.88,  132.426,  143.68,  153.981,  169.01,  178.686,  189.337,  200.173,  208.071,  163.093,  163.811,  164.542,  165.349,  154.824,  160.533,  166.245,  171.929,  176.987,  128.322,  134.24,  141.347,  147.871,  141.62,  134.488,  177.675,  183.723,  190.791,  197.003,  191.668,  184.701,  147.103,  154.467,  162.001,  167.078,  172.487,  180.518,  188.738,  181.527,  174.237,  168.319,  162.843,  155.082,  150.556,  162.416,  167.481,  173.078,  185.143,  173.324,  167.638,  162.512,  120.232,  134.86,  149.551,  163.68,  176.69,  187.331,  195.274,  200.818,  201.306,  197.578,  189.162,  178.905,  166.84,  153.065,  138.513,  123.893,  109.435,  106.529,  98.343,  95.0509,  95.8042,  99.5071,  97.6193,  92.1243,  89.5408,  90.4969,  96.7022,  108.742,  116.865,  124.903,  133.442,  143.73,  144.888,  145.709,  143.907,  141.799,  114.476,  110.55,  109.863,  113.343,  115.218,  115.996,  110.422,  105.54,  105.078,  107.883,  110.42,  111.069,  166.09,  160.325,  157.115,  158.128,  156.388,  158.456,  162.322,  168.936,  171.796,  172.745,  172.795,  171.182,  165.579,  162.393,  162.339,  161.5,  162.628,  164.632,  165.649,  165.725, 0, 0.110957, 1.30201, 0, 0.351865, 0.139379, 0.0861712, 0.0370751, 0, 0.0610106, 0, 0.271678, 0.106324, 0.00210985, 0.822614, 0, 0, 0, 0, 1, 0, 0, 1, 0, 1, 0, 0, 0, 0, 0, 1, 0, 0, 0, 0
62,  4.06667,  0.977139,  1,  0.182979,  0.0917131,  -0.97883,  -0.156987,  0.123699,  -0.979823,  7.35611,  22.8855,  307.336,  -0.0135414,  0.0207408,  -0.102983,  106.804,  108.638,  111.808,  115.981,  122.642,  132.559,  144.467,  158.119,  172.963,  187.265,  199.432,  209.714,  216.78,  220.321,  221.425,  221.333,  220.25,  115.578,  122.048,  132.613,  143.951,  154.228,  169.051,  178.766,  189.493,  200.346,  208.119,  163.208,  163.965,  164.744,  165.604,  155.036,  160.791,  166.567,  172.29,  177.389,  128.525,  134.452,  141.543,  148.118,  141.874,  134.754,  177.778,  183.808,  190.844,  197.044,  191.734,  184.788,  147.476,  154.686,  162.476,  167.649,  173.149,  181.417,  189.542,  182.769,  175.429,  169.379,  163.754,  155.586,  150.987,  162.952,  168.084,  173.769,  185.981,  174.379,  168.569,  163.31,  119.43,  134.154,  148.963,  163.159,  176.213,  186.888,  194.931,  200.526,  201.043,  197.289,  188.836,  178.453,  166.249,  152.331,  137.598,  122.849,  108.316,  104.941,  96.5055,  93.0179,  93.5699,  97.255,  95.3505,  89.8293,  87.3722,  88.6068,  95.0616,  106.365,  114.248,  122.02,  130.318,  141.138,  142.219,  142.975,  141.133,  139.038,  112.608,  108.528,  107.804,  111.235,  113.051,  113.878,  108.219,  103.308,  102.868,  105.721,  108.102,  108.74,  164.471,  157.937,  154.387,  155.339,  153.571,  155.795,  160.282,  167.927,  171.326,  172.394,  172.476,  170.522,  163.894,  159.728,  159.594,  158.744,  160.613,  164.024,  165.131,  165.212, 0, 0, 1.32302, 0, 0.464569, 0.0311033, 0.193618, 0.16662, 0, 0, 0, 0.16536, 0.131134, 0.00210985, 1.13161, 0.0114901, 0, 0, 0, 1, 0, 0, 1, 0, 1, 0, 0, 0, 0, 0, 1, 0, 0, 0, 0
63,  4.13333,  0.97859,  1,  0.183096,  0.0952865,  -0.978466,  -0.153354,  0.128803,  -0.979741,  7.00643,  21.1404,  305.163,  -0.033466,  0.0236719,  -0.106549,  106.648,  108.495,  111.735,  116.033,  122.772,  132.692,  144.496,  158.118,  173.007,  187.365,  199.474,  209.669,  216.659,  220.173,  221.245,  221.06,  219.862,  115.256,  121.6,  132.139,  143.523,  153.79,  168.548,  178.24,  189.02,  199.912,  207.627,  162.789,  163.563,  164.366,  165.248,  154.641,  160.44,  166.281,  172.088,  177.242,  128.097,  134.005,  141.079,  147.702,  141.44,  134.342,  177.41,  183.454,  190.487,  196.682,  191.38,  184.432,  147.145,  154.174,  162.087,  167.399,  173.029,  181.506,  189.648,  183.025,  175.553,  169.34,  163.549,  155.188,  150.676,  162.596,  167.855,  173.674,  186.087,  174.46,  168.497,  163.079,  118.902,  133.796,  148.79,  163.131,  176.263,  186.946,  194.975,  200.452,  200.908,  197.145,  188.65,  178.124,  165.758,  151.7,  136.805,  121.888,  107.262,  103.46,  94.7373,  91.0085,  91.4016,  95.0998,  93.1212,  87.4786,  85.0679,  86.4739,  93.1615,  104.328,  112.157,  119.865,  128.112,  139.361,  140.397,  141.123,  139.259,  137.151,  111.204,  107.02,  106.256,  109.59,  111.413,  112.288,  106.424,  101.526,  101.07,  103.946,  106.243,  106.881,  163.606,  156.483,  152.677,  153.613,  151.828,  154.22,  159.205,  167.354,  170.989,  172.098,  172.186,  170.06,  162.968,  158.147,  157.966,  157.132,  159.541,  163.56,  164.707,  164.8, 0.00470741, 0, 1.3249, 0, 0.574819, 0.00238473, 0.286347, 0.276464, 0, 0, 0, 0.0496869, 0.136545, 0, 1.42282, 0.0331486, 0, 0, 0, 1, 0, 0, 1, 0, 1, 0, 0, 0, 0, 0, 1, 1, 0, 0, 0
64,  4.2,  0.978381,  1,  0.183514,  0.0974939,  -0.978171,  -0.152148,  0.131509,  -0.979569,  6.99557,  21.0769,  305.163,  -0.0325588,  0.0256953,  -0.107244,  106.753,  108.575,  111.808,  116.118,  122.854,  132.766,  144.529,  158.146,  173.035,  187.409,  199.551,  209.752,  216.702,  220.181,  221.229,  221.038,  219.84,  115.365,  121.661,  132.162,  143.525,  153.768,  168.515,  178.143,  188.882,  199.76,  207.492,  162.77,  163.533,  164.325,  165.192,  154.651,  160.434,  166.256,  172.055,  177.204,  128.192,  134.099,  141.161,  147.767,  141.515,  134.431,  177.388,  183.437,  190.463,  196.646,  191.359,  184.414,  147.157,  154.148,  162.048,  167.355,  172.967,  181.446,  189.608,  182.967,  175.489,  169.292,  163.508,  155.157,  150.688,  162.56,  167.812,  173.613,  186.041,  174.393,  168.447,  163.035,  118.783,  133.706,  148.738,  163.128,  176.315,  187.051,  195.123,  200.604,  201.047,  197.249,  188.686,  178.066,  165.619,  151.499,  136.562,  121.598,  106.938,  103.276,  94.5231,  90.7785,  91.1915,  94.9211,  92.9,  87.195,  84.742,  86.0985,  92.758,  104.242,  112.079,  119.8,  128.062,  139.346,  140.385,  141.113,  139.251,  137.148,  111.195,  107.036,  106.274,  109.559,  111.409,  112.284,  106.365,  101.503,  101.029,  103.867,  106.192,  106.841,  163.632,  156.482,  152.658,  153.603,  151.818,  154.22,  159.228,  167.429,  171.062,  172.165,  172.255,  170.122,  162.992,  158.188,  158.007,  157.181,  159.57,  163.594,  164.732,  164.828, 0.0492124, 0, 1.31591, 0, 0.467741, 0.0492919, 0.200175, 0.30542, 0, 0, 0.0479406, 0.0639805, 0.0469424, 0.0545643, 1.15063, 0.0909467, 0, 0, 0, 1, 0, 0, 1, 0, 1, 0, 0, 0, 0, 0, 1, 1, 0, 0, 0
65,  4.26667,  0.962088,  1,  0.180781,  0.105435,  -0.977856,  -0.14769,  0.134846,  -0.979798,  6.04298,  20.6569,  306.283,  -0.0509245,  0.048034,  -0.0993687,  107.098,  108.913,  112.184,  116.412,  122.88,  132.518,  143.891,  157.075,  171.738,  186.258,  198.832,  209.387,  216.346,  219.758,  220.858,  220.858,  219.922,  115.393,  121.542,  132.002,  143.263,  153.519,  168.049,  177.664,  188.39,  199.336,  207.202,  162.272,  162.852,  163.437,  164.095,  154.305,  159.711,  165.178,  170.765,  175.709,  128.221,  133.944,  140.988,  147.366,  141.261,  134.183,  176.965,  182.961,  190.007,  196.1,  190.866,  183.901,  147.657,  154.555,  161.565,  166.084,  170.838,  178.443,  186.563,  179.267,  172.306,  167.069,  162.184,  155.037,  150.989,  161.952,  166.453,  171.397,  182.959,  171.469,  166.461,  161.927,  118.452,  133.407,  148.449,  162.854,  175.953,  186.49,  194.029,  198.926,  199.203,  195.7,  187.714,  177.509,  165.359,  151.438,  136.687,  121.698,  106.938,  103.218,  94.3068,  90.4507,  90.9566,  94.5568,  92.5904,  87.0848,  84.6661,  85.9536,  92.7071,  103.77,  111.818,  119.781,  128.276,  139.547,  140.638,  141.373,  139.734,  137.716,  110.856,  106.715,  105.928,  109.225,  111.326,  112.246,  106.25,  101.457,  101.075,  104.07,  106.548,  107.086,  163.518,  157.415,  153.981,  155.047,  153.479,  155.904,  160.132,  165.856,  167.977,  168.669,  168.712,  167.563,  162.816,  159.298,  159.244,  158.624,  160.297,  160.913,  161.688,  161.771, 0.068379, 0, 1.29804, 0, 0.432484, 0.0795923, 0.092729, 0.296899, 0, 0, 0.069159, 0.0931126, 0.00541101, 0.0545643, 0.942362, 0.247083, 0, 0, 0, 1, 0, 0, 1, 0, 1, 0, 0, 0, 0, 0, 1, 1, 0, 0, 0
66,  4.33333,  0.970116,  1,  0.180824,  0.100176,  -0.9784,  -0.148654,  0.132459,  -0.979978,  6.41822,  21.3725,  305.632,  -0.0437535,  0.0409958,  -0.100995,  107.33,  109.083,  112.27,  116.438,  122.851,  132.44,  143.839,  157.2,  172.008,  186.544,  199.014,  209.439,  216.393,  219.845,  220.949,  220.914,  219.892,  115.593,  121.792,  132.253,  143.569,  153.829,  168.063,  177.645,  188.366,  199.319,  207.222,  162.48,  163.108,  163.752,  164.461,  154.394,  159.955,  165.574,  171.281,  176.344,  128.352,  134.169,  141.224,  147.725,  141.533,  134.455,  177.172,  183.234,  190.275,  196.412,  191.148,  184.181,  147.124,  154.065,  161.581,  166.529,  171.754,  179.868,  188.08,  181.032,  173.715,  167.951,  162.57,  154.758,  150.567,  162.011,  166.927,  172.341,  184.499,  172.75,  167.231,  162.214,  118.866,  133.805,  148.857,  163.303,  176.566,  187.359,  195.337,  200.608,  201.015,  197.392,  189.082,  178.512,  166.064,  151.917,  136.989,  121.946,  107.162,  103.521,  94.6375,  90.8154,  91.243,  94.9117,  92.9638,  87.3064,  84.8856,  86.1549,  92.7919,  104.153,  112.048,  119.854,  128.211,  139.761,  140.814,  141.544,  139.835,  137.823,  111.369,  107.201,  106.431,  109.702,  111.691,  112.593,  106.625,  101.802,  101.376,  104.303,  106.723,  107.305,  164.231,  157.515,  153.832,  154.861,  153.188,  155.665,  160.385,  167.5,  170.397,  171.283,  171.349,  169.663,  163.577,  159.337,  159.231,  158.529,  160.653,  163.033,  163.97,  164.05, 0.0636716, 0, 1.29324, 0, 0.464, 0.175401, 0.0199947, 0.372363, 0, 0, 0.069159, 0.0931126, 0.0526534, 0.0545643, 0.968318, 0.433684, 0, 0, 0, 1, 0, 0, 1, 0, 1, 0, 0, 0, 0, 0, 1, 1, 0, 0, 0
67,  4.4,  0.973337,  1,  0.182394,  0.0975288,  -0.978377,  -0.150489,  0.130688,  -0.979936,  6.82865,  21.4286,  305.853,  -0.0364703,  0.0368732,  -0.104461,  107.292,  109.091,  112.322,  116.588,  123.173,  132.914,  144.451,  157.885,  172.729,  187.207,  199.527,  209.805,  216.681,  220.076,  221.108,  220.986,  219.864,  115.736,  121.995,  132.387,  143.637,  153.816,  168.532,  178.056,  188.7,  199.52,  207.263,  162.756,  163.413,  164.101,  164.859,  154.615,  160.263,  165.949,  171.682,  176.768,  128.454,  134.322,  141.368,  147.897,  141.673,  134.612,  177.381,  183.425,  190.457,  196.606,  191.331,  184.38,  147.07,  153.873,  161.696,  166.884,  172.368,  180.813,  189.005,  182.262,  174.763,  168.698,  163.02,  154.786,  150.552,  162.191,  167.33,  172.999,  185.431,  173.74,  167.924,  162.628,  118.915,  133.922,  149.032,  163.499,  176.777,  187.6,  195.706,  201.148,  201.596,  197.798,  189.182,  178.406,  165.841,  151.67,  136.774,  121.839,  107.196,  103.337,  94.5712,  90.8099,  91.2178,  94.9283,  92.9504,  87.3017,  84.8948,  86.1735,  92.7284,  104.256,  112.081,  119.8,  128.067,  139.492,  140.524,  141.263,  139.482,  137.44,  111.354,  107.184,  106.434,  109.716,  111.609,  112.466,  106.611,  101.784,  101.321,  104.207,  106.55,  107.168,  163.966,  156.752,  152.904,  153.891,  152.163,  154.676,  159.819,  168.084,  171.637,  172.671,  172.736,  170.556,  163.325,  158.52,  158.365,  157.611,  160.156,  164.082,  165.151,  165.231, 0.0191666, 0, 1.30905, 0, 0.62488, 0.126109, 0.112679, 0.48767, 0, 0, 0.0212183, 0.029132, 0.0989453, 0, 1.21475, 0.529702, 0, 0, 0, 1, 0, 0, 1, 0, 1, 0, 0, 0, 0, 0, 1, 1, 0, 0, 0
68,  4.46667,  0.971863,  1,  0.182603,  0.0956674,  -0.978521,  -0.151096,  0.130495,  -0.979868,  6.9707,  21.1283,  306.619,  -0.0400514,  0.0338392,  -0.107412,  107.302,  109.111,  112.336,  116.602,  123.194,  132.943,  144.552,  158.069,  172.93,  187.364,  199.627,  209.877,  216.759,  220.144,  221.137,  220.967,  219.81,  115.768,  121.97,  132.309,  143.525,  153.674,  168.575,  178.072,  188.668,  199.434,  207.161,  162.736,  163.444,  164.18,  164.983,  154.753,  160.416,  166.11,  171.817,  176.889,  128.514,  134.367,  141.406,  147.937,  141.737,  134.685,  177.365,  183.36,  190.38,  196.533,  191.287,  184.353,  147.295,  154.1,  161.906,  167.116,  172.614,  181.053,  189.218,  182.563,  175.104,  169.02,  163.329,  155.081,  150.786,  162.417,  167.575,  173.26,  185.662,  174.029,  168.197,  162.88,  119.146,  134.021,  148.988,  163.328,  176.479,  187.192,  195.19,  200.565,  200.973,  197.181,  188.654,  178.002,  165.533,  151.415,  136.538,  121.623,  107.004,  103.397,  94.6458,  90.8559,  91.1979,  94.8246,  92.7521,  87.0968,  84.6804,  85.9661,  92.4919,  104.179,  111.957,  119.625,  127.832,  139.244,  140.253,  140.961,  139.154,  137.109,  111.378,  107.175,  106.4,  109.669,  111.571,  112.45,  106.446,  101.589,  101.096,  103.958,  106.306,  106.96,  163.591,  156.328,  152.455,  153.404,  151.651,  154.12,  159.244,  167.465,  171.042,  172.11,  172.204,  170.082,  162.926,  158.062,  157.877,  157.09,  159.581,  163.543,  164.638,  164.741, 0.0679013, 0, 1.32773, 0, 0.680517, 0.164071, 0.196114, 0.552621, 0, 0, 0, 0, 0.102159, 0, 1.24614, 0.425388, 0, 0, 0, 1, 0, 0, 1, 0, 1, 0, 0, 0, 0, 0, 1, 1, 0, 0, 0
69,  4.53333,  0.976013,  1,  0.182108,  0.096471,  -0.978535,  -0.151345,  0.130677,  -0.979805,  6.86441,  21.2051,  306.421,  -0.0360662,  0.0322724,  -0.107612,  107.081,  108.895,  112.114,  116.371,  122.97,  132.749,  144.402,  157.963,  172.865,  187.333,  199.626,  209.921,  216.81,  220.161,  221.112,  220.899,  219.715,  115.587,  121.728,  132.053,  143.293,  153.483,  168.466,  177.981,  188.601,  199.348,  207.011,  162.646,  163.377,  164.137,  164.964,  154.726,  160.407,  166.099,  171.795,  176.859,  128.374,  134.199,  141.245,  147.778,  141.59,  134.528,  177.242,  183.209,  190.242,  196.398,  191.155,  184.216,  147.311,  154.183,  161.934,  167.126,  172.581,  180.973,  189.141,  182.441,  175.014,  168.978,  163.328,  155.15,  150.799,  162.457,  167.594,  173.242,  185.573,  173.942,  168.157,  162.875,  119.01,  133.874,  148.818,  163.148,  176.261,  186.933,  194.88,  200.278,  200.703,  196.934,  188.431,  177.855,  165.447,  151.381,  136.543,  121.669,  107.093,  103.314,  94.5415,  90.7013,  91.0549,  94.7186,  92.679,  87.0234,  84.6288,  85.9728,  92.5632,  104.401,  112.236,  119.951,  128.2,  139.584,  140.593,  141.303,  139.492,  137.432,  111.485,  107.286,  106.524,  109.828,  111.756,  112.626,  106.64,  101.778,  101.286,  104.164,  106.536,  107.197,  163.76,  156.654,  152.841,  153.796,  152.042,  154.461,  159.441,  167.426,  170.887,  171.932,  172.025,  170.002,  163.099,  158.452,  158.272,  157.477,  159.767,  163.442,  164.516,  164.621, 0.0679013, 0, 1.30996, 0, 0.635453, 0.0966968, 0.241225, 0.498907, 0, 0, 0, 0, 0.0640902, 0, 1.03694, 0.273535, 0.135566, 0, 0, 1, 0, 0, 1, 0, 1, 0, 0, 0, 0, 0, 1, 1, 0, 0, 0
70,  4.6,  0.970972,  1,  0.183166,  0.100468,  -0.977935,  -0.149731,  0.13307,  -0.979731,  6.69902,  22.0519,  307.826,  -0.0317589,  0.030436,  -0.110251,  106.895,  108.759,  111.984,  116.258,  122.977,  132.909,  144.642,  158.17,  173.043,  187.45,  199.69,  209.902,  216.661,  219.882,  220.736,  220.43,  219.183,  115.556,  121.665,  131.952,  143.202,  153.425,  167.906,  177.416,  188.081,  198.834,  206.423,  162.479,  163.22,  164.001,  164.863,  154.603,  160.31,  166.002,  171.675,  176.718,  128.47,  134.263,  141.157,  147.645,  141.515,  134.584,  176.688,  182.653,  189.548,  195.673,  190.378,  183.564,  147.226,  154.131,  161.863,  167.053,  172.499,  180.819,  188.975,  182.27,  174.931,  168.924,  163.31,  155.146,  150.67,  162.435,  167.549,  173.192,  185.401,  173.886,  168.118,  162.869,  119.542,  134.355,  149.293,  163.618,  176.614,  187.145,  194.96,  200.322,  200.761,  196.913,  188.333,  177.798,  165.496,  151.587,  136.931,  122.331,  108.073,  104.065,  95.3374,  91.4516,  91.8536,  95.6359,  93.7548,  88.1884,  85.8566,  87.2866,  93.9125,  105.557,  113.212,  120.725,  128.787,  140.188,  141.153,  141.85,  140.044,  137.982,  112.377,  108.413,  107.671,  110.796,  112.653,  113.503,  107.781,  103.176,  102.747,  105.45,  107.724,  108.344,  163.977,  157.029,  153.28,  154.229,  152.49,  154.833,  159.665,  167.522,  170.96,  172.015,  172.114,  170.14,  163.33,  158.819,  158.646,  157.838,  159.984,  163.589,  164.678,  164.799, 0.0679013, 0, 1.26532, 0, 0.583592, 0.0966968, 0.247316, 0.463777, 0, 0, 0, 0, 0.0177983, 0, 0.906544, 0.17766, 0.362659, 0, 0, 1, 0, 0, 1, 0, 1, 0, 0, 0, 0, 0, 1, 1, 0, 0, 0
71,  4.66667,  0.962853,  1,  0.181795,  0.104831,  -0.977733,  -0.148518,  0.132906,  -0.979938,  6.99745,  22.9716,  309.435,  -0.0293909,  0.027953,  -0.104556,  107.221,  109.043,  112.148,  116.285,  122.981,  132.928,  144.697,  158.186,  173.061,  187.463,  199.72,  209.875,  216.51,  219.659,  220.538,  220.336,  219.24,  116.349,  122.244,  132.575,  143.972,  154.36,  167.992,  177.603,  188.421,  199.287,  206.744,  162.982,  163.642,  164.345,  165.137,  154.787,  160.497,  166.195,  171.871,  176.921,  129.444,  135.248,  141.98,  148.359,  142.324,  135.522,  176.788,  182.819,  189.561,  195.597,  190.266,  183.577,  147.366,  154.384,  162.077,  167.194,  172.609,  180.741,  188.84,  182.009,  174.796,  168.86,  163.346,  155.302,  150.744,  162.612,  167.649,  173.258,  185.273,  173.848,  168.138,  162.983,  119.653,  134.449,  149.369,  163.718,  176.679,  187.223,  195.036,  200.384,  200.886,  197.035,  188.519,  178.073,  165.889,  152.145,  137.659,  123.283,  109.216,  105.448,  96.4734,  92.3799,  92.8254,  96.7309,  95.1334,  89.7221,  87.5585,  89.2912,  96.2475,  106.622,  114.132,  121.493,  129.419,  140.688,  141.676,  142.42,  140.663,  138.653,  113.002,  109.295,  108.613,  111.614,  113.342,  114.145,  108.992,  104.657,  104.363,  106.971,  109.106,  109.616,  163.987,  157.43,  153.886,  154.883,  153.202,  155.486,  160.085,  167.538,  170.749,  171.753,  171.816,  169.932,  163.379,  159.217,  159.124,  158.337,  160.355,  163.571,  164.619,  164.701, 0, 0, 1.27996, 0, 0.51878, 0.0284347, 0.268814, 0.382532, 0, 0, 0, 0, 0.0145845, 0, 0.777615, 0.128645, 0.417425, 0, 0, 1, 0, 0, 1, 0, 1, 0, 0, 0, 0, 0, 1, 1, 0, 0, 0
72,  4.73333,  0.971202,  1,  0.184843,  0.100848,  -0.97758,  -0.154062,  0.133055,  -0.979061,  7.15851,  22.7043,  306.932,  -0.0290235,  0.0280556,  -0.102101,  107.122,  108.944,  112.062,  116.222,  122.846,  132.712,  144.449,  157.931,  172.742,  187.131,  199.455,  209.835,  216.81,  220.212,  221.245,  221.236,  220.289,  115.566,  121.776,  132.404,  143.933,  154.397,  168.59,  178.283,  189.156,  200.184,  208.085,  163.114,  163.776,  164.457,  165.217,  154.742,  160.521,  166.303,  172.042,  177.172,  128.483,  134.465,  141.505,  148.13,  141.842,  134.771,  177.769,  184.03,  191.066,  197.29,  191.863,  184.877,  147.353,  154.524,  162.193,  167.303,  172.699,  180.928,  189.18,  182.185,  174.863,  168.919,  163.385,  155.366,  150.842,  162.675,  167.743,  173.326,  185.546,  173.852,  168.15,  162.97,  119.768,  134.479,  149.254,  163.452,  176.443,  186.965,  194.784,  200.201,  200.742,  197.063,  188.742,  178.456,  166.278,  152.359,  137.682,  123.038,  108.663,  105.034,  96.1481,  92.3363,  92.8649,  96.7376,  94.9027,  89.2548,  86.8181,  88.1427,  94.8479,  106.329,  114.036,  121.622,  129.756,  140.886,  141.962,  142.712,  140.928,  138.904,  113.037,  109.158,  108.414,  111.54,  113.45,  114.299,  108.6,  104.015,  103.648,  106.318,  108.696,  109.281,  164.281,  157.748,  154.157,  155.159,  153.427,  155.784,  160.337,  167.653,  170.834,  171.832,  171.918,  170.099,  163.671,  159.632,  159.532,  158.748,  160.597,  163.481,  164.505,  164.6, 0, 0, 1.30764, 0, 0.475323, 0, 0.30455, 0.365421, 0, 0, 0, 0, 0, 0, 0.683336, 0.0722391, 0.359554, 0, 0, 1, 0, 0, 0, 0, 1, 0, 0, 0, 0, 0, 1, 1, 0, 0, 0
73,  4.8,  0.971597,  1,  0.184377,  0.100616,  -0.977692,  -0.154296,  0.132274,  -0.97913,  7.17513,  22.6933,  306.749,  -0.0300627,  0.0283999,  -0.100209,  107.177,  108.984,  112.075,  116.201,  122.794,  132.632,  144.36,  157.837,  172.662,  187.072,  199.41,  209.808,  216.8,  220.216,  221.27,  221.3,  220.394,  115.619,  121.816,  132.479,  144.054,  154.56,  168.656,  178.425,  189.372,  200.448,  208.319,  163.192,  163.833,  164.493,  165.233,  154.732,  160.511,  166.293,  172.039,  177.174,  128.53,  134.52,  141.57,  148.194,  141.902,  134.819,  177.847,  184.132,  191.177,  197.4,  191.963,  184.964,  147.323,  154.496,  162.163,  167.261,  172.651,  180.874,  189.12,  182.104,  174.779,  168.842,  163.317,  155.314,  150.81,  162.634,  167.693,  173.27,  185.483,  173.782,  168.087,  162.917,  119.69,  134.412,  149.194,  163.397,  176.398,  186.941,  194.782,  200.222,  200.784,  197.112,  188.794,  178.501,  166.327,  152.414,  137.759,  123.135,  108.766,  105.125,  96.1746,  92.3149,  92.8243,  96.6996,  94.8877,  89.2638,  86.8745,  88.3018,  95.1243,  106.295,  113.998,  121.581,  129.714,  140.845,  141.928,  142.687,  140.919,  138.909,  112.987,  109.105,  108.365,  111.507,  113.408,  114.256,  108.612,  104.027,  103.682,  106.375,  108.742,  109.31,  164.26,  157.731,  154.146,  155.16,  153.438,  155.819,  160.397,  167.681,  170.836,  171.82,  171.896,  170.071,  163.649,  159.621,  159.533,  158.761,  160.643,  163.471,  164.485,  164.569, 0, 0, 1.41093, 0, 0.462359, 0, 0.32686, 0.30272, 0, 0, 0, 0, 0, 0.00492756, 0.567059, 0.0471289, 0.132462, 0, 0, 1, 0, 0, 0, 0, 1, 0, 0, 0, 0, 0, 1, 1, 0, 0, 0
74,  4.86667,  0.97479,  1,  0.1853,  0.100776,  -0.977501,  -0.15315,  0.134389,  -0.979022,  6.9855,  22.3844,  306.206,  -0.0293593,  0.0259442,  -0.103512,  106.847,  108.659,  111.784,  115.951,  122.544,  132.382,  144.117,  157.676,  172.553,  187.016,  199.359,  209.772,  216.805,  220.239,  221.242,  221.163,  220.137,  115.269,  121.569,  132.262,  143.799,  154.229,  168.42,  178.103,  188.951,  199.959,  207.903,  162.896,  163.629,  164.374,  165.195,  154.68,  160.463,  166.259,  172.003,  177.126,  128.06,  134.023,  141.096,  147.747,  141.449,  134.361,  177.714,  183.938,  190.987,  197.201,  191.82,  184.832,  147.346,  154.553,  162.182,  167.294,  172.689,  180.898,  189.118,  182.152,  174.838,  168.889,  163.355,  155.379,  150.868,  162.647,  167.726,  173.309,  185.499,  173.799,  168.095,  162.909,  119.659,  134.327,  149.078,  163.245,  176.273,  186.83,  194.7,  200.202,  200.764,  197.122,  188.784,  178.447,  166.202,  152.194,  137.421,  122.643,  108.138,  104.688,  95.8666,  92.1361,  92.6651,  96.4948,  94.5411,  88.7858,  86.2602,  87.4865,  94.1221,  105.943,  113.777,  121.504,  129.771,  140.827,  141.929,  142.68,  140.862,  138.795,  112.802,  108.85,  108.075,  111.199,  113.162,  114.043,  108.078,  103.422,  103.011,  105.693,  108.111,  108.729,  164.316,  157.777,  154.196,  155.184,  153.435,  155.754,  160.268,  167.471,  170.603,  171.598,  171.689,  169.94,  163.695,  159.691,  159.572,  158.779,  160.532,  163.257,  164.288,  164.391, 0, 0, 1.47996, 0, 0.490594, 0, 0.363255, 0.239356, 0, 0, 0, 0, 0, 0.0147827, 0.453607, 0.0984956, 0, 0, 0, 1, 0, 0, 1, 0, 1, 0, 1, 0, 0, 0, 1, 0, 0, 0, 0
